-10.000000	-0.000218
-9.995000	-0.000375
-9.990000	-0.000533
-9.985000	-0.000691
-9.980000	-0.000850
-9.975000	-0.001009
-9.970000	-0.001168
-9.965000	-0.001328
-9.960000	-0.001488
-9.955000	-0.001648
-9.950000	-0.001808
-9.945000	-0.001969
-9.940000	-0.002129
-9.935000	-0.002290
-9.930000	-0.002451
-9.925000	-0.002612
-9.920000	-0.002773
-9.915000	-0.002934
-9.910000	-0.003095
-9.905000	-0.003256
-9.900000	-0.003417
-9.895000	-0.003578
-9.890000	-0.003739
-9.885000	-0.003900
-9.880000	-0.004061
-9.875000	-0.004222
-9.870000	-0.004382
-9.865000	-0.004543
-9.860000	-0.004703
-9.855000	-0.004863
-9.850000	-0.005022
-9.845000	-0.005182
-9.840000	-0.005341
-9.835000	-0.005500
-9.830000	-0.005658
-9.825000	-0.005816
-9.820000	-0.005974
-9.815000	-0.006131
-9.810000	-0.006288
-9.805000	-0.006444
-9.800000	-0.006600
-9.795000	-0.006756
-9.790000	-0.006910
-9.785000	-0.007065
-9.780000	-0.007218
-9.775000	-0.007372
-9.770000	-0.007524
-9.765000	-0.007676
-9.760000	-0.007827
-9.755000	-0.007977
-9.750000	-0.008127
-9.745000	-0.008276
-9.740000	-0.008424
-9.735000	-0.008572
-9.730000	-0.008718
-9.725000	-0.008864
-9.720000	-0.009009
-9.715000	-0.009153
-9.710000	-0.009296
-9.705000	-0.009439
-9.700000	-0.009580
-9.695000	-0.009720
-9.690000	-0.009859
-9.685000	-0.009998
-9.680000	-0.010135
-9.675000	-0.010271
-9.670000	-0.010406
-9.665000	-0.010540
-9.660000	-0.010673
-9.655000	-0.010805
-9.650000	-0.010935
-9.645000	-0.011065
-9.640000	-0.011193
-9.635000	-0.011320
-9.630000	-0.011445
-9.625000	-0.011570
-9.620000	-0.011693
-9.615000	-0.011814
-9.610000	-0.011935
-9.605000	-0.012054
-9.600000	-0.012171
-9.595000	-0.012288
-9.590000	-0.012402
-9.585000	-0.012516
-9.580000	-0.012628
-9.575000	-0.012738
-9.570000	-0.012847
-9.565000	-0.012954
-9.560000	-0.013060
-9.555000	-0.013164
-9.550000	-0.013267
-9.545000	-0.013368
-9.540000	-0.013467
-9.535000	-0.013565
-9.530000	-0.013661
-9.525000	-0.013756
-9.520000	-0.013849
-9.515000	-0.013940
-9.510000	-0.014029
-9.505000	-0.014117
-9.500000	-0.014202
-9.495000	-0.014286
-9.490000	-0.014369
-9.485000	-0.014449
-9.480000	-0.014528
-9.475000	-0.014605
-9.470000	-0.014679
-9.465000	-0.014753
-9.460000	-0.014824
-9.455000	-0.014893
-9.450000	-0.014960
-9.445000	-0.015026
-9.440000	-0.015089
-9.435000	-0.015151
-9.430000	-0.015210
-9.425000	-0.015268
-9.420000	-0.015323
-9.415000	-0.015376
-9.410000	-0.015428
-9.405000	-0.015477
-9.400000	-0.015525
-9.395000	-0.015570
-9.390000	-0.015613
-9.385000	-0.015654
-9.380000	-0.015693
-9.375000	-0.015730
-9.370000	-0.015765
-9.365000	-0.015798
-9.360000	-0.015828
-9.355000	-0.015856
-9.350000	-0.015883
-9.345000	-0.015907
-9.340000	-0.015928
-9.335000	-0.015948
-9.330000	-0.015965
-9.325000	-0.015981
-9.320000	-0.015994
-9.315000	-0.016004
-9.310000	-0.016013
-9.305000	-0.016019
-9.300000	-0.016023
-9.295000	-0.016025
-9.290000	-0.016025
-9.285000	-0.016022
-9.280000	-0.016017
-9.275000	-0.016010
-9.270000	-0.016000
-9.265000	-0.015988
-9.260000	-0.015974
-9.255000	-0.015958
-9.250000	-0.015939
-9.245000	-0.015918
-9.240000	-0.015895
-9.235000	-0.015869
-9.230000	-0.015841
-9.225000	-0.015811
-9.220000	-0.015779
-9.215000	-0.015744
-9.210000	-0.015707
-9.205000	-0.015667
-9.200000	-0.015625
-9.195000	-0.015581
-9.190000	-0.015535
-9.185000	-0.015486
-9.180000	-0.015435
-9.175000	-0.015382
-9.170000	-0.015326
-9.165000	-0.015269
-9.160000	-0.015208
-9.155000	-0.015146
-9.150000	-0.015081
-9.145000	-0.015014
-9.140000	-0.014945
-9.135000	-0.014873
-9.130000	-0.014799
-9.125000	-0.014723
-9.120000	-0.014644
-9.115000	-0.014563
-9.110000	-0.014480
-9.105000	-0.014395
-9.100000	-0.014308
-9.095000	-0.014218
-9.090000	-0.014126
-9.085000	-0.014032
-9.080000	-0.013935
-9.075000	-0.013837
-9.070000	-0.013736
-9.065000	-0.013633
-9.060000	-0.013527
-9.055000	-0.013420
-9.050000	-0.013311
-9.045000	-0.013199
-9.040000	-0.013085
-9.035000	-0.012969
-9.030000	-0.012851
-9.025000	-0.012731
-9.020000	-0.012608
-9.015000	-0.012484
-9.010000	-0.012358
-9.005000	-0.012229
-9.000000	-0.012099
-8.995000	-0.011966
-8.990000	-0.011831
-8.985000	-0.011695
-8.980000	-0.011556
-8.975000	-0.011415
-8.970000	-0.011273
-8.965000	-0.011128
-8.960000	-0.010982
-8.955000	-0.010834
-8.950000	-0.010683
-8.945000	-0.010531
-8.940000	-0.010377
-8.935000	-0.010222
-8.930000	-0.010064
-8.925000	-0.009905
-8.920000	-0.009743
-8.915000	-0.009580
-8.910000	-0.009415
-8.905000	-0.009249
-8.900000	-0.009081
-8.895000	-0.008911
-8.890000	-0.008739
-8.885000	-0.008566
-8.880000	-0.008391
-8.875000	-0.008215
-8.870000	-0.008037
-8.865000	-0.007857
-8.860000	-0.007676
-8.855000	-0.007493
-8.850000	-0.007309
-8.845000	-0.007123
-8.840000	-0.006936
-8.835000	-0.006747
-8.830000	-0.006557
-8.825000	-0.006366
-8.820000	-0.006173
-8.815000	-0.005979
-8.810000	-0.005783
-8.805000	-0.005587
-8.800000	-0.005389
-8.795000	-0.005189
-8.790000	-0.004989
-8.785000	-0.004787
-8.780000	-0.004584
-8.775000	-0.004380
-8.770000	-0.004175
-8.765000	-0.003969
-8.760000	-0.003762
-8.755000	-0.003554
-8.750000	-0.003344
-8.745000	-0.003134
-8.740000	-0.002923
-8.735000	-0.002711
-8.730000	-0.002498
-8.725000	-0.002284
-8.720000	-0.002069
-8.715000	-0.001853
-8.710000	-0.001637
-8.705000	-0.001420
-8.700000	-0.001202
-8.695000	-0.000984
-8.690000	-0.000765
-8.685000	-0.000545
-8.680000	-0.000324
-8.675000	-0.000103
-8.670000	0.000118
-8.665000	0.000340
-8.660000	0.000563
-8.655000	0.000786
-8.650000	0.001009
-8.645000	0.001233
-8.640000	0.001457
-8.635000	0.001682
-8.630000	0.001907
-8.625000	0.002132
-8.620000	0.002357
-8.615000	0.002583
-8.610000	0.002808
-8.605000	0.003034
-8.600000	0.003260
-8.595000	0.003486
-8.590000	0.003712
-8.585000	0.003938
-8.580000	0.004164
-8.575000	0.004390
-8.570000	0.004616
-8.565000	0.004842
-8.560000	0.005068
-8.555000	0.005293
-8.550000	0.005519
-8.545000	0.005744
-8.540000	0.005969
-8.535000	0.006193
-8.530000	0.006417
-8.525000	0.006641
-8.520000	0.006864
-8.515000	0.007087
-8.510000	0.007310
-8.505000	0.007532
-8.500000	0.007753
-8.495000	0.007974
-8.490000	0.008194
-8.485000	0.008414
-8.480000	0.008633
-8.475000	0.008851
-8.470000	0.009069
-8.465000	0.009285
-8.460000	0.009501
-8.455000	0.009716
-8.450000	0.009931
-8.445000	0.010144
-8.440000	0.010356
-8.435000	0.010568
-8.430000	0.010778
-8.425000	0.010988
-8.420000	0.011196
-8.415000	0.011404
-8.410000	0.011610
-8.405000	0.011815
-8.400000	0.012019
-8.395000	0.012221
-8.390000	0.012423
-8.385000	0.012623
-8.380000	0.012821
-8.375000	0.013019
-8.370000	0.013215
-8.365000	0.013410
-8.360000	0.013603
-8.355000	0.013795
-8.350000	0.013985
-8.345000	0.014174
-8.340000	0.014361
-8.335000	0.014546
-8.330000	0.014730
-8.325000	0.014913
-8.320000	0.015093
-8.315000	0.015272
-8.310000	0.015449
-8.305000	0.015625
-8.300000	0.015799
-8.295000	0.015970
-8.290000	0.016140
-8.285000	0.016308
-8.280000	0.016475
-8.275000	0.016639
-8.270000	0.016801
-8.265000	0.016961
-8.260000	0.017120
-8.255000	0.017276
-8.250000	0.017430
-8.245000	0.017582
-8.240000	0.017732
-8.235000	0.017880
-8.230000	0.018025
-8.225000	0.018169
-8.220000	0.018310
-8.215000	0.018449
-8.210000	0.018585
-8.205000	0.018720
-8.200000	0.018851
-8.195000	0.018981
-8.190000	0.019108
-8.185000	0.019233
-8.180000	0.019356
-8.175000	0.019476
-8.170000	0.019593
-8.165000	0.019708
-8.160000	0.019821
-8.155000	0.019931
-8.150000	0.020038
-8.145000	0.020143
-8.140000	0.020245
-8.135000	0.020345
-8.130000	0.020442
-8.125000	0.020536
-8.120000	0.020628
-8.115000	0.020717
-8.110000	0.020803
-8.105000	0.020886
-8.100000	0.020967
-8.095000	0.021045
-8.090000	0.021120
-8.085000	0.021193
-8.080000	0.021262
-8.075000	0.021329
-8.070000	0.021393
-8.065000	0.021454
-8.060000	0.021512
-8.055000	0.021567
-8.050000	0.021620
-8.045000	0.021669
-8.040000	0.021715
-8.035000	0.021759
-8.030000	0.021799
-8.025000	0.021837
-8.020000	0.021872
-8.015000	0.021903
-8.010000	0.021932
-8.005000	0.021957
-8.000000	0.021980
-7.995000	0.021999
-7.990000	0.022016
-7.985000	0.022029
-7.980000	0.022039
-7.975000	0.022047
-7.970000	0.022051
-7.965000	0.022052
-7.960000	0.022050
-7.955000	0.022045
-7.950000	0.022036
-7.945000	0.022025
-7.940000	0.022010
-7.935000	0.021993
-7.930000	0.021972
-7.925000	0.021948
-7.920000	0.021921
-7.915000	0.021891
-7.910000	0.021858
-7.905000	0.021821
-7.900000	0.021781
-7.895000	0.021739
-7.890000	0.021693
-7.885000	0.021644
-7.880000	0.021591
-7.875000	0.021536
-7.870000	0.021477
-7.865000	0.021416
-7.860000	0.021351
-7.855000	0.021283
-7.850000	0.021212
-7.845000	0.021138
-7.840000	0.021060
-7.835000	0.020980
-7.830000	0.020896
-7.825000	0.020809
-7.820000	0.020719
-7.815000	0.020626
-7.810000	0.020530
-7.805000	0.020431
-7.800000	0.020329
-7.795000	0.020223
-7.790000	0.020115
-7.785000	0.020003
-7.780000	0.019889
-7.775000	0.019771
-7.770000	0.019651
-7.765000	0.019527
-7.760000	0.019400
-7.755000	0.019271
-7.750000	0.019138
-7.745000	0.019002
-7.740000	0.018864
-7.735000	0.018722
-7.730000	0.018578
-7.725000	0.018430
-7.720000	0.018280
-7.715000	0.018127
-7.710000	0.017971
-7.705000	0.017812
-7.700000	0.017650
-7.695000	0.017486
-7.690000	0.017318
-7.685000	0.017148
-7.680000	0.016975
-7.675000	0.016799
-7.670000	0.016621
-7.665000	0.016440
-7.660000	0.016256
-7.655000	0.016069
-7.650000	0.015880
-7.645000	0.015688
-7.640000	0.015494
-7.635000	0.015297
-7.630000	0.015097
-7.625000	0.014895
-7.620000	0.014690
-7.615000	0.014483
-7.610000	0.014273
-7.605000	0.014061
-7.600000	0.013847
-7.595000	0.013630
-7.590000	0.013411
-7.585000	0.013189
-7.580000	0.012965
-7.575000	0.012739
-7.570000	0.012510
-7.565000	0.012279
-7.560000	0.012046
-7.555000	0.011811
-7.550000	0.011574
-7.545000	0.011334
-7.540000	0.011093
-7.535000	0.010849
-7.530000	0.010604
-7.525000	0.010356
-7.520000	0.010107
-7.515000	0.009855
-7.510000	0.009602
-7.505000	0.009346
-7.500000	0.009089
-7.495000	0.008830
-7.490000	0.008569
-7.485000	0.008307
-7.480000	0.008043
-7.475000	0.007777
-7.470000	0.007509
-7.465000	0.007240
-7.460000	0.006969
-7.455000	0.006697
-7.450000	0.006423
-7.445000	0.006148
-7.440000	0.005871
-7.435000	0.005593
-7.430000	0.005314
-7.425000	0.005033
-7.420000	0.004751
-7.415000	0.004468
-7.410000	0.004183
-7.405000	0.003897
-7.400000	0.003611
-7.395000	0.003323
-7.390000	0.003034
-7.385000	0.002744
-7.380000	0.002453
-7.375000	0.002161
-7.370000	0.001868
-7.365000	0.001575
-7.360000	0.001280
-7.355000	0.000985
-7.350000	0.000689
-7.345000	0.000392
-7.340000	0.000095
-7.335000	-0.000203
-7.330000	-0.000502
-7.325000	-0.000801
-7.320000	-0.001101
-7.315000	-0.001401
-7.310000	-0.001701
-7.305000	-0.002002
-7.300000	-0.002303
-7.295000	-0.002605
-7.290000	-0.002906
-7.285000	-0.003208
-7.280000	-0.003510
-7.275000	-0.003812
-7.270000	-0.004115
-7.265000	-0.004417
-7.260000	-0.004719
-7.255000	-0.005021
-7.250000	-0.005323
-7.245000	-0.005625
-7.240000	-0.005927
-7.235000	-0.006229
-7.230000	-0.006530
-7.225000	-0.006831
-7.220000	-0.007132
-7.215000	-0.007432
-7.210000	-0.007732
-7.205000	-0.008031
-7.200000	-0.008330
-7.195000	-0.008628
-7.190000	-0.008926
-7.185000	-0.009223
-7.180000	-0.009519
-7.175000	-0.009814
-7.170000	-0.010109
-7.165000	-0.010403
-7.160000	-0.010696
-7.155000	-0.010988
-7.150000	-0.011279
-7.145000	-0.011569
-7.140000	-0.011858
-7.135000	-0.012146
-7.130000	-0.012433
-7.125000	-0.012718
-7.120000	-0.013003
-7.115000	-0.013286
-7.110000	-0.013568
-7.105000	-0.013848
-7.100000	-0.014127
-7.095000	-0.014405
-7.090000	-0.014681
-7.085000	-0.014956
-7.080000	-0.015229
-7.075000	-0.015501
-7.070000	-0.015771
-7.065000	-0.016039
-7.060000	-0.016305
-7.055000	-0.016570
-7.050000	-0.016833
-7.045000	-0.017094
-7.040000	-0.017353
-7.035000	-0.017610
-7.030000	-0.017865
-7.025000	-0.018119
-7.020000	-0.018370
-7.015000	-0.018619
-7.010000	-0.018866
-7.005000	-0.019111
-7.000000	-0.019353
-6.995000	-0.019594
-6.990000	-0.019832
-6.985000	-0.020068
-6.980000	-0.020301
-6.975000	-0.020532
-6.970000	-0.020760
-6.965000	-0.020987
-6.960000	-0.021210
-6.955000	-0.021431
-6.950000	-0.021650
-6.945000	-0.021865
-6.940000	-0.022079
-6.935000	-0.022289
-6.930000	-0.022497
-6.925000	-0.022702
-6.920000	-0.022904
-6.915000	-0.023103
-6.910000	-0.023300
-6.905000	-0.023494
-6.900000	-0.023684
-6.895000	-0.023872
-6.890000	-0.024057
-6.885000	-0.024239
-6.880000	-0.024417
-6.875000	-0.024593
-6.870000	-0.024765
-6.865000	-0.024935
-6.860000	-0.025101
-6.855000	-0.025264
-6.850000	-0.025424
-6.845000	-0.025580
-6.840000	-0.025733
-6.835000	-0.025883
-6.830000	-0.026030
-6.825000	-0.026173
-6.820000	-0.026312
-6.815000	-0.026449
-6.810000	-0.026581
-6.805000	-0.026711
-6.800000	-0.026837
-6.795000	-0.026959
-6.790000	-0.027078
-6.785000	-0.027193
-6.780000	-0.027305
-6.775000	-0.027413
-6.770000	-0.027517
-6.765000	-0.027618
-6.760000	-0.027715
-6.755000	-0.027808
-6.750000	-0.027897
-6.745000	-0.027983
-6.740000	-0.028065
-6.735000	-0.028144
-6.730000	-0.028218
-6.725000	-0.028289
-6.720000	-0.028355
-6.715000	-0.028418
-6.710000	-0.028477
-6.705000	-0.028533
-6.700000	-0.028584
-6.695000	-0.028631
-6.690000	-0.028675
-6.685000	-0.028714
-6.680000	-0.028750
-6.675000	-0.028781
-6.670000	-0.028809
-6.665000	-0.028833
-6.660000	-0.028852
-6.655000	-0.028868
-6.650000	-0.028879
-6.645000	-0.028887
-6.640000	-0.028891
-6.635000	-0.028890
-6.630000	-0.028885
-6.625000	-0.028877
-6.620000	-0.028864
-6.615000	-0.028847
-6.610000	-0.028826
-6.605000	-0.028802
-6.600000	-0.028773
-6.595000	-0.028739
-6.590000	-0.028702
-6.585000	-0.028661
-6.580000	-0.028615
-6.575000	-0.028566
-6.570000	-0.028512
-6.565000	-0.028455
-6.560000	-0.028393
-6.555000	-0.028327
-6.550000	-0.028257
-6.545000	-0.028183
-6.540000	-0.028105
-6.535000	-0.028023
-6.530000	-0.027936
-6.525000	-0.027846
-6.520000	-0.027752
-6.515000	-0.027653
-6.510000	-0.027551
-6.505000	-0.027444
-6.500000	-0.027333
-6.495000	-0.027219
-6.490000	-0.027100
-6.485000	-0.026977
-6.480000	-0.026850
-6.475000	-0.026720
-6.470000	-0.026585
-6.465000	-0.026446
-6.460000	-0.026304
-6.455000	-0.026157
-6.450000	-0.026007
-6.445000	-0.025852
-6.440000	-0.025694
-6.435000	-0.025532
-6.430000	-0.025366
-6.425000	-0.025196
-6.420000	-0.025022
-6.415000	-0.024844
-6.410000	-0.024663
-6.405000	-0.024478
-6.400000	-0.024289
-6.395000	-0.024096
-6.390000	-0.023900
-6.385000	-0.023700
-6.380000	-0.023496
-6.375000	-0.023289
-6.370000	-0.023077
-6.365000	-0.022863
-6.360000	-0.022645
-6.355000	-0.022423
-6.350000	-0.022197
-6.345000	-0.021969
-6.340000	-0.021736
-6.335000	-0.021501
-6.330000	-0.021261
-6.325000	-0.021019
-6.320000	-0.020773
-6.315000	-0.020523
-6.310000	-0.020271
-6.305000	-0.020015
-6.300000	-0.019756
-6.295000	-0.019493
-6.290000	-0.019228
-6.285000	-0.018959
-6.280000	-0.018687
-6.275000	-0.018412
-6.270000	-0.018134
-6.265000	-0.017853
-6.260000	-0.017569
-6.255000	-0.017282
-6.250000	-0.016992
-6.245000	-0.016699
-6.240000	-0.016404
-6.235000	-0.016105
-6.230000	-0.015804
-6.225000	-0.015500
-6.220000	-0.015193
-6.215000	-0.014884
-6.210000	-0.014572
-6.205000	-0.014257
-6.200000	-0.013940
-6.195000	-0.013621
-6.190000	-0.013299
-6.185000	-0.012974
-6.180000	-0.012647
-6.175000	-0.012318
-6.170000	-0.011987
-6.165000	-0.011653
-6.160000	-0.011317
-6.155000	-0.010979
-6.150000	-0.010639
-6.145000	-0.010297
-6.140000	-0.009953
-6.135000	-0.009606
-6.130000	-0.009258
-6.125000	-0.008908
-6.120000	-0.008556
-6.115000	-0.008202
-6.110000	-0.007847
-6.105000	-0.007490
-6.100000	-0.007131
-6.095000	-0.006771
-6.090000	-0.006409
-6.085000	-0.006045
-6.080000	-0.005680
-6.075000	-0.005314
-6.070000	-0.004946
-6.065000	-0.004577
-6.060000	-0.004207
-6.055000	-0.003835
-6.050000	-0.003462
-6.045000	-0.003089
-6.040000	-0.002714
-6.035000	-0.002338
-6.030000	-0.001961
-6.025000	-0.001583
-6.020000	-0.001205
-6.015000	-0.000825
-6.010000	-0.000445
-6.005000	-0.000065
-6.000000	0.000317
-5.995000	0.000699
-5.990000	0.001082
-5.985000	0.001465
-5.980000	0.001848
-5.975000	0.002232
-5.970000	0.002616
-5.965000	0.003001
-5.960000	0.003385
-5.955000	0.003770
-5.950000	0.004155
-5.945000	0.004540
-5.940000	0.004925
-5.935000	0.005310
-5.930000	0.005695
-5.925000	0.006080
-5.920000	0.006464
-5.915000	0.006848
-5.910000	0.007232
-5.905000	0.007616
-5.900000	0.007999
-5.895000	0.008381
-5.890000	0.008763
-5.885000	0.009145
-5.880000	0.009526
-5.875000	0.009906
-5.870000	0.010285
-5.865000	0.010663
-5.860000	0.011041
-5.855000	0.011417
-5.850000	0.011793
-5.845000	0.012168
-5.840000	0.012541
-5.835000	0.012914
-5.830000	0.013285
-5.825000	0.013655
-5.820000	0.014023
-5.815000	0.014390
-5.810000	0.014756
-5.805000	0.015120
-5.800000	0.015483
-5.795000	0.015844
-5.790000	0.016204
-5.785000	0.016562
-5.780000	0.016918
-5.775000	0.017272
-5.770000	0.017625
-5.765000	0.017975
-5.760000	0.018324
-5.755000	0.018670
-5.750000	0.019015
-5.745000	0.019357
-5.740000	0.019698
-5.735000	0.020036
-5.730000	0.020371
-5.725000	0.020705
-5.720000	0.021036
-5.715000	0.021365
-5.710000	0.021691
-5.705000	0.022014
-5.700000	0.022336
-5.695000	0.022654
-5.690000	0.022970
-5.685000	0.023283
-5.680000	0.023593
-5.675000	0.023901
-5.670000	0.024205
-5.665000	0.024507
-5.660000	0.024806
-5.655000	0.025102
-5.650000	0.025394
-5.645000	0.025684
-5.640000	0.025971
-5.635000	0.026254
-5.630000	0.026534
-5.625000	0.026811
-5.620000	0.027084
-5.615000	0.027354
-5.610000	0.027621
-5.605000	0.027884
-5.600000	0.028144
-5.595000	0.028400
-5.590000	0.028653
-5.585000	0.028902
-5.580000	0.029147
-5.575000	0.029389
-5.570000	0.029627
-5.565000	0.029861
-5.560000	0.030091
-5.555000	0.030318
-5.550000	0.030540
-5.545000	0.030759
-5.540000	0.030973
-5.535000	0.031184
-5.530000	0.031391
-5.525000	0.031593
-5.520000	0.031792
-5.515000	0.031986
-5.510000	0.032176
-5.505000	0.032362
-5.500000	0.032544
-5.495000	0.032721
-5.490000	0.032894
-5.485000	0.033063
-5.480000	0.033227
-5.475000	0.033387
-5.470000	0.033542
-5.465000	0.033694
-5.460000	0.033840
-5.455000	0.033982
-5.450000	0.034120
-5.445000	0.034253
-5.440000	0.034381
-5.435000	0.034505
-5.430000	0.034624
-5.425000	0.034738
-5.420000	0.034848
-5.415000	0.034953
-5.410000	0.035053
-5.405000	0.035149
-5.400000	0.035239
-5.395000	0.035325
-5.390000	0.035406
-5.385000	0.035483
-5.380000	0.035554
-5.375000	0.035621
-5.370000	0.035682
-5.365000	0.035739
-5.360000	0.035791
-5.355000	0.035838
-5.350000	0.035880
-5.345000	0.035917
-5.340000	0.035949
-5.335000	0.035976
-5.330000	0.035998
-5.325000	0.036015
-5.320000	0.036028
-5.315000	0.036035
-5.310000	0.036037
-5.305000	0.036034
-5.300000	0.036025
-5.295000	0.036012
-5.290000	0.035994
-5.285000	0.035971
-5.280000	0.035943
-5.275000	0.035909
-5.270000	0.035871
-5.265000	0.035827
-5.260000	0.035779
-5.255000	0.035725
-5.250000	0.035666
-5.245000	0.035602
-5.240000	0.035533
-5.235000	0.035459
-5.230000	0.035380
-5.225000	0.035296
-5.220000	0.035207
-5.215000	0.035113
-5.210000	0.035014
-5.205000	0.034909
-5.200000	0.034800
-5.195000	0.034685
-5.190000	0.034566
-5.185000	0.034442
-5.180000	0.034312
-5.175000	0.034178
-5.170000	0.034038
-5.165000	0.033894
-5.160000	0.033745
-5.155000	0.033591
-5.150000	0.033431
-5.145000	0.033267
-5.140000	0.033098
-5.135000	0.032925
-5.130000	0.032746
-5.125000	0.032562
-5.120000	0.032374
-5.115000	0.032181
-5.110000	0.031983
-5.105000	0.031781
-5.100000	0.031573
-5.095000	0.031361
-5.090000	0.031144
-5.085000	0.030923
-5.080000	0.030697
-5.075000	0.030466
-5.070000	0.030231
-5.065000	0.029991
-5.060000	0.029747
-5.055000	0.029498
-5.050000	0.029244
-5.045000	0.028987
-5.040000	0.028724
-5.035000	0.028458
-5.030000	0.028187
-5.025000	0.027912
-5.020000	0.027632
-5.015000	0.027348
-5.010000	0.027060
-5.005000	0.026768
-5.000000	0.026472
-4.995000	0.026171
-4.990000	0.025867
-4.985000	0.025558
-4.980000	0.025246
-4.975000	0.024929
-4.970000	0.024609
-4.965000	0.024284
-4.960000	0.023956
-4.955000	0.023624
-4.950000	0.023288
-4.945000	0.022949
-4.940000	0.022606
-4.935000	0.022259
-4.930000	0.021908
-4.925000	0.021554
-4.920000	0.021197
-4.915000	0.020836
-4.910000	0.020472
-4.905000	0.020104
-4.900000	0.019733
-4.895000	0.019359
-4.890000	0.018982
-4.885000	0.018601
-4.880000	0.018217
-4.875000	0.017831
-4.870000	0.017441
-4.865000	0.017048
-4.860000	0.016652
-4.855000	0.016254
-4.850000	0.015852
-4.845000	0.015448
-4.840000	0.015042
-4.835000	0.014632
-4.830000	0.014220
-4.825000	0.013805
-4.820000	0.013388
-4.815000	0.012969
-4.810000	0.012547
-4.805000	0.012123
-4.800000	0.011696
-4.795000	0.011268
-4.790000	0.010837
-4.785000	0.010404
-4.780000	0.009969
-4.775000	0.009532
-4.770000	0.009093
-4.765000	0.008653
-4.760000	0.008210
-4.755000	0.007766
-4.750000	0.007320
-4.745000	0.006873
-4.740000	0.006424
-4.735000	0.005973
-4.730000	0.005521
-4.725000	0.005068
-4.720000	0.004613
-4.715000	0.004157
-4.710000	0.003700
-4.705000	0.003242
-4.700000	0.002783
-4.695000	0.002323
-4.690000	0.001862
-4.685000	0.001400
-4.680000	0.000937
-4.675000	0.000474
-4.670000	0.000010
-4.665000	-0.000455
-4.660000	-0.000921
-4.655000	-0.001386
-4.650000	-0.001852
-4.645000	-0.002319
-4.640000	-0.002786
-4.635000	-0.003253
-4.630000	-0.003720
-4.625000	-0.004187
-4.620000	-0.004654
-4.615000	-0.005122
-4.610000	-0.005589
-4.605000	-0.006056
-4.600000	-0.006522
-4.595000	-0.006989
-4.590000	-0.007454
-4.585000	-0.007920
-4.580000	-0.008385
-4.575000	-0.008849
-4.570000	-0.009313
-4.565000	-0.009776
-4.560000	-0.010238
-4.555000	-0.010700
-4.550000	-0.011160
-4.545000	-0.011620
-4.540000	-0.012078
-4.535000	-0.012536
-4.530000	-0.012992
-4.525000	-0.013447
-4.520000	-0.013900
-4.515000	-0.014353
-4.510000	-0.014803
-4.505000	-0.015253
-4.500000	-0.015701
-4.495000	-0.016147
-4.490000	-0.016591
-4.485000	-0.017034
-4.480000	-0.017475
-4.475000	-0.017913
-4.470000	-0.018350
-4.465000	-0.018785
-4.460000	-0.019218
-4.455000	-0.019649
-4.450000	-0.020077
-4.445000	-0.020504
-4.440000	-0.020928
-4.435000	-0.021349
-4.430000	-0.021768
-4.425000	-0.022184
-4.420000	-0.022598
-4.415000	-0.023010
-4.410000	-0.023418
-4.405000	-0.023824
-4.400000	-0.024227
-4.395000	-0.024627
-4.390000	-0.025024
-4.385000	-0.025418
-4.380000	-0.025809
-4.375000	-0.026197
-4.370000	-0.026581
-4.365000	-0.026963
-4.360000	-0.027341
-4.355000	-0.027716
-4.350000	-0.028087
-4.345000	-0.028455
-4.340000	-0.028819
-4.335000	-0.029180
-4.330000	-0.029537
-4.325000	-0.029890
-4.320000	-0.030240
-4.315000	-0.030586
-4.310000	-0.030928
-4.305000	-0.031266
-4.300000	-0.031600
-4.295000	-0.031930
-4.290000	-0.032256
-4.285000	-0.032578
-4.280000	-0.032896
-4.275000	-0.033209
-4.270000	-0.033518
-4.265000	-0.033823
-4.260000	-0.034124
-4.255000	-0.034420
-4.250000	-0.034712
-4.245000	-0.034999
-4.240000	-0.035281
-4.235000	-0.035559
-4.230000	-0.035833
-4.225000	-0.036102
-4.220000	-0.036366
-4.215000	-0.036625
-4.210000	-0.036879
-4.205000	-0.037129
-4.200000	-0.037373
-4.195000	-0.037613
-4.190000	-0.037848
-4.185000	-0.038077
-4.180000	-0.038302
-4.175000	-0.038522
-4.170000	-0.038736
-4.165000	-0.038945
-4.160000	-0.039149
-4.155000	-0.039348
-4.150000	-0.039542
-4.145000	-0.039730
-4.140000	-0.039913
-4.135000	-0.040090
-4.130000	-0.040263
-4.125000	-0.040429
-4.120000	-0.040591
-4.115000	-0.040746
-4.110000	-0.040897
-4.105000	-0.041041
-4.100000	-0.041181
-4.095000	-0.041314
-4.090000	-0.041442
-4.085000	-0.041564
-4.080000	-0.041681
-4.075000	-0.041792
-4.070000	-0.041897
-4.065000	-0.041997
-4.060000	-0.042091
-4.055000	-0.042179
-4.050000	-0.042261
-4.045000	-0.042337
-4.040000	-0.042408
-4.035000	-0.042472
-4.030000	-0.042531
-4.025000	-0.042584
-4.020000	-0.042631
-4.015000	-0.042672
-4.010000	-0.042708
-4.005000	-0.042737
-4.000000	-0.042760
-3.995000	-0.042778
-3.990000	-0.042789
-3.985000	-0.042795
-3.980000	-0.042794
-3.975000	-0.042788
-3.970000	-0.042776
-3.965000	-0.042757
-3.960000	-0.042733
-3.955000	-0.042703
-3.950000	-0.042666
-3.945000	-0.042624
-3.940000	-0.042575
-3.935000	-0.042521
-3.930000	-0.042461
-3.925000	-0.042394
-3.920000	-0.042322
-3.915000	-0.042244
-3.910000	-0.042159
-3.905000	-0.042069
-3.900000	-0.041973
-3.895000	-0.041870
-3.890000	-0.041762
-3.885000	-0.041648
-3.880000	-0.041528
-3.875000	-0.041402
-3.870000	-0.041270
-3.865000	-0.041132
-3.860000	-0.040988
-3.855000	-0.040839
-3.850000	-0.040683
-3.845000	-0.040522
-3.840000	-0.040355
-3.835000	-0.040182
-3.830000	-0.040003
-3.825000	-0.039819
-3.820000	-0.039628
-3.815000	-0.039432
-3.810000	-0.039231
-3.805000	-0.039023
-3.800000	-0.038810
-3.795000	-0.038591
-3.790000	-0.038367
-3.785000	-0.038137
-3.780000	-0.037901
-3.775000	-0.037660
-3.770000	-0.037414
-3.765000	-0.037162
-3.760000	-0.036904
-3.755000	-0.036641
-3.750000	-0.036373
-3.745000	-0.036099
-3.740000	-0.035820
-3.735000	-0.035536
-3.730000	-0.035246
-3.725000	-0.034951
-3.720000	-0.034652
-3.715000	-0.034346
-3.710000	-0.034036
-3.705000	-0.033721
-3.700000	-0.033401
-3.695000	-0.033075
-3.690000	-0.032745
-3.685000	-0.032410
-3.680000	-0.032070
-3.675000	-0.031725
-3.670000	-0.031375
-3.665000	-0.031021
-3.660000	-0.030662
-3.655000	-0.030298
-3.650000	-0.029930
-3.645000	-0.029557
-3.640000	-0.029179
-3.635000	-0.028798
-3.630000	-0.028411
-3.625000	-0.028021
-3.620000	-0.027626
-3.615000	-0.027227
-3.610000	-0.026823
-3.605000	-0.026416
-3.600000	-0.026004
-3.595000	-0.025589
-3.590000	-0.025169
-3.585000	-0.024745
-3.580000	-0.024318
-3.575000	-0.023887
-3.570000	-0.023452
-3.565000	-0.023013
-3.560000	-0.022571
-3.555000	-0.022125
-3.550000	-0.021675
-3.545000	-0.021222
-3.540000	-0.020766
-3.535000	-0.020306
-3.530000	-0.019843
-3.525000	-0.019377
-3.520000	-0.018907
-3.515000	-0.018435
-3.510000	-0.017959
-3.505000	-0.017481
-3.500000	-0.017000
-3.495000	-0.016515
-3.490000	-0.016028
-3.485000	-0.015539
-3.480000	-0.015046
-3.475000	-0.014551
-3.470000	-0.014054
-3.465000	-0.013554
-3.460000	-0.013052
-3.455000	-0.012547
-3.450000	-0.012040
-3.445000	-0.011531
-3.440000	-0.011020
-3.435000	-0.010507
-3.430000	-0.009992
-3.425000	-0.009475
-3.420000	-0.008957
-3.415000	-0.008436
-3.410000	-0.007914
-3.405000	-0.007390
-3.400000	-0.006865
-3.395000	-0.006338
-3.390000	-0.005810
-3.385000	-0.005281
-3.380000	-0.004750
-3.375000	-0.004218
-3.370000	-0.003685
-3.365000	-0.003151
-3.360000	-0.002617
-3.355000	-0.002081
-3.350000	-0.001544
-3.345000	-0.001007
-3.340000	-0.000469
-3.335000	0.000069
-3.330000	0.000608
-3.325000	0.001147
-3.320000	0.001687
-3.315000	0.002227
-3.310000	0.002767
-3.305000	0.003307
-3.300000	0.003847
-3.295000	0.004388
-3.290000	0.004928
-3.285000	0.005468
-3.280000	0.006007
-3.275000	0.006546
-3.270000	0.007085
-3.265000	0.007624
-3.260000	0.008161
-3.255000	0.008699
-3.250000	0.009235
-3.245000	0.009771
-3.240000	0.010305
-3.235000	0.010839
-3.230000	0.011372
-3.225000	0.011903
-3.220000	0.012434
-3.215000	0.012963
-3.210000	0.013491
-3.205000	0.014017
-3.200000	0.014542
-3.195000	0.015065
-3.190000	0.015587
-3.185000	0.016107
-3.180000	0.016625
-3.175000	0.017142
-3.170000	0.017656
-3.165000	0.018168
-3.160000	0.018679
-3.155000	0.019187
-3.150000	0.019693
-3.145000	0.020196
-3.140000	0.020698
-3.135000	0.021196
-3.130000	0.021693
-3.125000	0.022186
-3.120000	0.022677
-3.115000	0.023166
-3.110000	0.023651
-3.105000	0.024134
-3.100000	0.024613
-3.095000	0.025090
-3.090000	0.025563
-3.085000	0.026034
-3.080000	0.026501
-3.075000	0.026965
-3.070000	0.027425
-3.065000	0.027882
-3.060000	0.028336
-3.055000	0.028786
-3.050000	0.029232
-3.045000	0.029674
-3.040000	0.030113
-3.035000	0.030548
-3.030000	0.030979
-3.025000	0.031407
-3.020000	0.031830
-3.015000	0.032249
-3.010000	0.032664
-3.005000	0.033074
-3.000000	0.033481
-2.995000	0.033883
-2.990000	0.034280
-2.985000	0.034674
-2.980000	0.035062
-2.975000	0.035446
-2.970000	0.035826
-2.965000	0.036201
-2.960000	0.036571
-2.955000	0.036936
-2.950000	0.037297
-2.945000	0.037652
-2.940000	0.038003
-2.935000	0.038348
-2.930000	0.038689
-2.925000	0.039024
-2.920000	0.039354
-2.915000	0.039679
-2.910000	0.039999
-2.905000	0.040313
-2.900000	0.040622
-2.895000	0.040926
-2.890000	0.041224
-2.885000	0.041517
-2.880000	0.041804
-2.875000	0.042085
-2.870000	0.042361
-2.865000	0.042631
-2.860000	0.042895
-2.855000	0.043154
-2.850000	0.043407
-2.845000	0.043654
-2.840000	0.043895
-2.835000	0.044130
-2.830000	0.044359
-2.825000	0.044582
-2.820000	0.044799
-2.815000	0.045010
-2.810000	0.045215
-2.805000	0.045414
-2.800000	0.045606
-2.795000	0.045793
-2.790000	0.045973
-2.785000	0.046147
-2.780000	0.046314
-2.775000	0.046475
-2.770000	0.046630
-2.765000	0.046779
-2.760000	0.046921
-2.755000	0.047056
-2.750000	0.047185
-2.745000	0.047308
-2.740000	0.047424
-2.735000	0.047534
-2.730000	0.047637
-2.725000	0.047733
-2.720000	0.047823
-2.715000	0.047907
-2.710000	0.047983
-2.705000	0.048053
-2.700000	0.048117
-2.695000	0.048173
-2.690000	0.048224
-2.685000	0.048267
-2.680000	0.048304
-2.675000	0.048334
-2.670000	0.048357
-2.665000	0.048373
-2.660000	0.048383
-2.655000	0.048386
-2.650000	0.048383
-2.645000	0.048372
-2.640000	0.048355
-2.635000	0.048331
-2.630000	0.048300
-2.625000	0.048263
-2.620000	0.048218
-2.615000	0.048167
-2.610000	0.048110
-2.605000	0.048045
-2.600000	0.047974
-2.595000	0.047896
-2.590000	0.047811
-2.585000	0.047720
-2.580000	0.047622
-2.575000	0.047517
-2.570000	0.047405
-2.565000	0.047287
-2.560000	0.047162
-2.555000	0.047030
-2.550000	0.046892
-2.545000	0.046747
-2.540000	0.046596
-2.535000	0.046437
-2.530000	0.046273
-2.525000	0.046101
-2.520000	0.045924
-2.515000	0.045739
-2.510000	0.045548
-2.505000	0.045351
-2.500000	0.045147
-2.495000	0.044937
-2.490000	0.044720
-2.485000	0.044497
-2.480000	0.044268
-2.475000	0.044032
-2.470000	0.043790
-2.465000	0.043542
-2.460000	0.043287
-2.455000	0.043026
-2.450000	0.042759
-2.445000	0.042486
-2.440000	0.042207
-2.435000	0.041922
-2.430000	0.041630
-2.425000	0.041333
-2.420000	0.041030
-2.415000	0.040720
-2.410000	0.040405
-2.405000	0.040084
-2.400000	0.039758
-2.395000	0.039425
-2.390000	0.039087
-2.385000	0.038743
-2.380000	0.038393
-2.375000	0.038038
-2.370000	0.037678
-2.365000	0.037311
-2.360000	0.036940
-2.355000	0.036563
-2.350000	0.036181
-2.345000	0.035793
-2.340000	0.035400
-2.335000	0.035002
-2.330000	0.034599
-2.325000	0.034190
-2.320000	0.033777
-2.315000	0.033359
-2.310000	0.032936
-2.305000	0.032508
-2.300000	0.032075
-2.295000	0.031637
-2.290000	0.031195
-2.285000	0.030748
-2.280000	0.030296
-2.275000	0.029840
-2.270000	0.029380
-2.265000	0.028915
-2.260000	0.028446
-2.255000	0.027972
-2.250000	0.027495
-2.245000	0.027013
-2.240000	0.026527
-2.235000	0.026037
-2.230000	0.025543
-2.225000	0.025046
-2.220000	0.024544
-2.215000	0.024039
-2.210000	0.023530
-2.205000	0.023018
-2.200000	0.022502
-2.195000	0.021982
-2.190000	0.021460
-2.185000	0.020934
-2.180000	0.020404
-2.175000	0.019872
-2.170000	0.019336
-2.165000	0.018797
-2.160000	0.018256
-2.155000	0.017712
-2.150000	0.017164
-2.145000	0.016614
-2.140000	0.016062
-2.135000	0.015507
-2.130000	0.014949
-2.125000	0.014389
-2.120000	0.013827
-2.115000	0.013262
-2.110000	0.012695
-2.105000	0.012126
-2.100000	0.011555
-2.095000	0.010982
-2.090000	0.010408
-2.085000	0.009831
-2.080000	0.009253
-2.075000	0.008673
-2.070000	0.008091
-2.065000	0.007509
-2.060000	0.006924
-2.055000	0.006339
-2.050000	0.005752
-2.045000	0.005164
-2.040000	0.004575
-2.035000	0.003985
-2.030000	0.003394
-2.025000	0.002803
-2.020000	0.002210
-2.015000	0.001617
-2.010000	0.001024
-2.005000	0.000430
-2.000000	-0.000165
-1.995000	-0.000759
-1.990000	-0.001354
-1.985000	-0.001949
-1.980000	-0.002545
-1.975000	-0.003140
-1.970000	-0.003735
-1.965000	-0.004329
-1.960000	-0.004924
-1.955000	-0.005518
-1.950000	-0.006112
-1.945000	-0.006705
-1.940000	-0.007298
-1.935000	-0.007889
-1.930000	-0.008481
-1.925000	-0.009071
-1.920000	-0.009660
-1.915000	-0.010248
-1.910000	-0.010835
-1.905000	-0.011421
-1.900000	-0.012006
-1.895000	-0.012589
-1.890000	-0.013171
-1.885000	-0.013751
-1.880000	-0.014330
-1.875000	-0.014907
-1.870000	-0.015482
-1.865000	-0.016056
-1.860000	-0.016627
-1.855000	-0.017196
-1.850000	-0.017764
-1.845000	-0.018329
-1.840000	-0.018892
-1.835000	-0.019452
-1.830000	-0.020010
-1.825000	-0.020566
-1.820000	-0.021119
-1.815000	-0.021669
-1.810000	-0.022216
-1.805000	-0.022761
-1.800000	-0.023303
-1.795000	-0.023842
-1.790000	-0.024378
-1.785000	-0.024910
-1.780000	-0.025440
-1.775000	-0.025966
-1.770000	-0.026489
-1.765000	-0.027008
-1.760000	-0.027524
-1.755000	-0.028036
-1.750000	-0.028545
-1.745000	-0.029050
-1.740000	-0.029551
-1.735000	-0.030048
-1.730000	-0.030541
-1.725000	-0.031031
-1.720000	-0.031516
-1.715000	-0.031997
-1.710000	-0.032474
-1.705000	-0.032946
-1.700000	-0.033414
-1.695000	-0.033878
-1.690000	-0.034337
-1.685000	-0.034792
-1.680000	-0.035242
-1.675000	-0.035687
-1.670000	-0.036127
-1.665000	-0.036563
-1.660000	-0.036994
-1.655000	-0.037419
-1.650000	-0.037840
-1.645000	-0.038256
-1.640000	-0.038666
-1.635000	-0.039072
-1.630000	-0.039472
-1.625000	-0.039867
-1.620000	-0.040256
-1.615000	-0.040640
-1.610000	-0.041018
-1.605000	-0.041391
-1.600000	-0.041759
-1.595000	-0.042120
-1.590000	-0.042476
-1.585000	-0.042826
-1.580000	-0.043171
-1.575000	-0.043509
-1.570000	-0.043842
-1.565000	-0.044168
-1.560000	-0.044489
-1.555000	-0.044804
-1.550000	-0.045112
-1.545000	-0.045414
-1.540000	-0.045710
-1.535000	-0.046000
-1.530000	-0.046284
-1.525000	-0.046561
-1.520000	-0.046832
-1.515000	-0.047096
-1.510000	-0.047354
-1.505000	-0.047606
-1.500000	-0.047851
-1.495000	-0.048089
-1.490000	-0.048321
-1.485000	-0.048546
-1.480000	-0.048764
-1.475000	-0.048976
-1.470000	-0.049181
-1.465000	-0.049380
-1.460000	-0.049571
-1.455000	-0.049756
-1.450000	-0.049933
-1.445000	-0.050104
-1.440000	-0.050268
-1.435000	-0.050425
-1.430000	-0.050575
-1.425000	-0.050718
-1.420000	-0.050855
-1.415000	-0.050984
-1.410000	-0.051106
-1.405000	-0.051220
-1.400000	-0.051328
-1.395000	-0.051429
-1.390000	-0.051522
-1.385000	-0.051609
-1.380000	-0.051688
-1.375000	-0.051760
-1.370000	-0.051825
-1.365000	-0.051883
-1.360000	-0.051933
-1.355000	-0.051977
-1.350000	-0.052013
-1.345000	-0.052042
-1.340000	-0.052063
-1.335000	-0.052077
-1.330000	-0.052085
-1.325000	-0.052084
-1.320000	-0.052077
-1.315000	-0.052062
-1.310000	-0.052040
-1.305000	-0.052011
-1.300000	-0.051975
-1.295000	-0.051931
-1.290000	-0.051880
-1.285000	-0.051822
-1.280000	-0.051756
-1.275000	-0.051684
-1.270000	-0.051604
-1.265000	-0.051517
-1.260000	-0.051422
-1.255000	-0.051321
-1.250000	-0.051212
-1.245000	-0.051096
-1.240000	-0.050973
-1.235000	-0.050843
-1.230000	-0.050705
-1.225000	-0.050561
-1.220000	-0.050409
-1.215000	-0.050251
-1.210000	-0.050085
-1.205000	-0.049912
-1.200000	-0.049733
-1.195000	-0.049546
-1.190000	-0.049352
-1.185000	-0.049151
-1.180000	-0.048944
-1.175000	-0.048730
-1.170000	-0.048508
-1.165000	-0.048280
-1.160000	-0.048045
-1.155000	-0.047803
-1.150000	-0.047555
-1.145000	-0.047300
-1.140000	-0.047038
-1.135000	-0.046770
-1.130000	-0.046495
-1.125000	-0.046213
-1.120000	-0.045925
-1.115000	-0.045630
-1.110000	-0.045329
-1.105000	-0.045022
-1.100000	-0.044708
-1.095000	-0.044388
-1.090000	-0.044061
-1.085000	-0.043728
-1.080000	-0.043390
-1.075000	-0.043045
-1.070000	-0.042693
-1.065000	-0.042336
-1.060000	-0.041973
-1.055000	-0.041604
-1.050000	-0.041229
-1.045000	-0.040848
-1.040000	-0.040461
-1.035000	-0.040069
-1.030000	-0.039671
-1.025000	-0.039267
-1.020000	-0.038857
-1.015000	-0.038443
-1.010000	-0.038022
-1.005000	-0.037596
-1.000000	-0.037165
-0.995000	-0.036729
-0.990000	-0.036287
-0.985000	-0.035840
-0.980000	-0.035388
-0.975000	-0.034931
-0.970000	-0.034469
-0.965000	-0.034002
-0.960000	-0.033530
-0.955000	-0.033054
-0.950000	-0.032572
-0.945000	-0.032086
-0.940000	-0.031596
-0.935000	-0.031101
-0.930000	-0.030601
-0.925000	-0.030097
-0.920000	-0.029589
-0.915000	-0.029076
-0.910000	-0.028559
-0.905000	-0.028039
-0.900000	-0.027514
-0.895000	-0.026985
-0.890000	-0.026452
-0.885000	-0.025915
-0.880000	-0.025375
-0.875000	-0.024831
-0.870000	-0.024284
-0.865000	-0.023733
-0.860000	-0.023178
-0.855000	-0.022620
-0.850000	-0.022059
-0.845000	-0.021495
-0.840000	-0.020927
-0.835000	-0.020357
-0.830000	-0.019783
-0.825000	-0.019207
-0.820000	-0.018627
-0.815000	-0.018045
-0.810000	-0.017461
-0.805000	-0.016874
-0.800000	-0.016284
-0.795000	-0.015692
-0.790000	-0.015098
-0.785000	-0.014501
-0.780000	-0.013902
-0.775000	-0.013302
-0.770000	-0.012699
-0.765000	-0.012094
-0.760000	-0.011488
-0.755000	-0.010879
-0.750000	-0.010270
-0.745000	-0.009658
-0.740000	-0.009045
-0.735000	-0.008431
-0.730000	-0.007815
-0.725000	-0.007199
-0.720000	-0.006581
-0.715000	-0.005962
-0.710000	-0.005342
-0.705000	-0.004721
-0.700000	-0.004100
-0.695000	-0.003477
-0.690000	-0.002854
-0.685000	-0.002231
-0.680000	-0.001607
-0.675000	-0.000983
-0.670000	-0.000359
-0.665000	0.000266
-0.660000	0.000890
-0.655000	0.001515
-0.650000	0.002140
-0.645000	0.002764
-0.640000	0.003388
-0.635000	0.004012
-0.630000	0.004635
-0.625000	0.005258
-0.620000	0.005880
-0.615000	0.006501
-0.610000	0.007122
-0.605000	0.007742
-0.600000	0.008360
-0.595000	0.008978
-0.590000	0.009594
-0.585000	0.010210
-0.580000	0.010824
-0.575000	0.011436
-0.570000	0.012047
-0.565000	0.012657
-0.560000	0.013265
-0.555000	0.013871
-0.550000	0.014475
-0.545000	0.015077
-0.540000	0.015677
-0.535000	0.016276
-0.530000	0.016872
-0.525000	0.017465
-0.520000	0.018057
-0.515000	0.018646
-0.510000	0.019232
-0.505000	0.019816
-0.500000	0.020397
-0.495000	0.020976
-0.490000	0.021551
-0.485000	0.022124
-0.480000	0.022693
-0.475000	0.023260
-0.470000	0.023823
-0.465000	0.024384
-0.460000	0.024940
-0.455000	0.025494
-0.450000	0.026044
-0.445000	0.026590
-0.440000	0.027133
-0.435000	0.027672
-0.430000	0.028207
-0.425000	0.028738
-0.420000	0.029266
-0.415000	0.029789
-0.410000	0.030309
-0.405000	0.030824
-0.400000	0.031335
-0.395000	0.031841
-0.390000	0.032344
-0.385000	0.032841
-0.380000	0.033335
-0.375000	0.033823
-0.370000	0.034307
-0.365000	0.034787
-0.360000	0.035261
-0.355000	0.035731
-0.350000	0.036195
-0.345000	0.036655
-0.340000	0.037110
-0.335000	0.037559
-0.330000	0.038004
-0.325000	0.038443
-0.320000	0.038876
-0.315000	0.039305
-0.310000	0.039728
-0.305000	0.040145
-0.300000	0.040557
-0.295000	0.040963
-0.290000	0.041364
-0.285000	0.041759
-0.280000	0.042148
-0.275000	0.042531
-0.270000	0.042908
-0.265000	0.043280
-0.260000	0.043645
-0.255000	0.044004
-0.250000	0.044358
-0.245000	0.044705
-0.240000	0.045046
-0.235000	0.045380
-0.230000	0.045709
-0.225000	0.046031
-0.220000	0.046346
-0.215000	0.046655
-0.210000	0.046958
-0.205000	0.047254
-0.200000	0.047544
-0.195000	0.047827
-0.190000	0.048103
-0.185000	0.048373
-0.180000	0.048636
-0.175000	0.048892
-0.170000	0.049141
-0.165000	0.049384
-0.160000	0.049619
-0.155000	0.049848
-0.150000	0.050070
-0.145000	0.050285
-0.140000	0.050493
-0.135000	0.050693
-0.130000	0.050887
-0.125000	0.051074
-0.120000	0.051253
-0.115000	0.051426
-0.110000	0.051591
-0.105000	0.051749
-0.100000	0.051900
-0.095000	0.052044
-0.090000	0.052180
-0.085000	0.052310
-0.080000	0.052431
-0.075000	0.052546
-0.070000	0.052653
-0.065000	0.052753
-0.060000	0.052846
-0.055000	0.052931
-0.050000	0.053009
-0.045000	0.053079
-0.040000	0.053143
-0.035000	0.053198
-0.030000	0.053246
-0.025000	0.053287
-0.020000	0.053321
-0.015000	0.053347
-0.010000	0.053365
-0.005000	0.053377
0.000000	0.053380
0.005000	0.053377
0.010000	0.053365
0.015000	0.053347
0.020000	0.053321
0.025000	0.053287
0.030000	0.053246
0.035000	0.053198
0.040000	0.053143
0.045000	0.053079
0.050000	0.053009
0.055000	0.052931
0.060000	0.052846
0.065000	0.052753
0.070000	0.052653
0.075000	0.052546
0.080000	0.052431
0.085000	0.052310
0.090000	0.052180
0.095000	0.052044
0.100000	0.051900
0.105000	0.051749
0.110000	0.051591
0.115000	0.051426
0.120000	0.051253
0.125000	0.051074
0.130000	0.050887
0.135000	0.050693
0.140000	0.050493
0.145000	0.050285
0.150000	0.050070
0.155000	0.049848
0.160000	0.049619
0.165000	0.049384
0.170000	0.049141
0.175000	0.048892
0.180000	0.048636
0.185000	0.048373
0.190000	0.048103
0.195000	0.047827
0.200000	0.047544
0.205000	0.047254
0.210000	0.046958
0.215000	0.046655
0.220000	0.046346
0.225000	0.046031
0.230000	0.045709
0.235000	0.045380
0.240000	0.045046
0.245000	0.044705
0.250000	0.044358
0.255000	0.044004
0.260000	0.043645
0.265000	0.043280
0.270000	0.042908
0.275000	0.042531
0.280000	0.042148
0.285000	0.041759
0.290000	0.041364
0.295000	0.040963
0.300000	0.040557
0.305000	0.040145
0.310000	0.039728
0.315000	0.039305
0.320000	0.038876
0.325000	0.038443
0.330000	0.038004
0.335000	0.037559
0.340000	0.037110
0.345000	0.036655
0.350000	0.036195
0.355000	0.035731
0.360000	0.035261
0.365000	0.034787
0.370000	0.034307
0.375000	0.033823
0.380000	0.033335
0.385000	0.032841
0.390000	0.032344
0.395000	0.031841
0.400000	0.031335
0.405000	0.030824
0.410000	0.030309
0.415000	0.029789
0.420000	0.029266
0.425000	0.028738
0.430000	0.028207
0.435000	0.027672
0.440000	0.027133
0.445000	0.026590
0.450000	0.026044
0.455000	0.025494
0.460000	0.024940
0.465000	0.024384
0.470000	0.023823
0.475000	0.023260
0.480000	0.022693
0.485000	0.022124
0.490000	0.021551
0.495000	0.020976
0.500000	0.020397
0.505000	0.019816
0.510000	0.019232
0.515000	0.018646
0.520000	0.018057
0.525000	0.017465
0.530000	0.016872
0.535000	0.016276
0.540000	0.015677
0.545000	0.015077
0.550000	0.014475
0.555000	0.013871
0.560000	0.013265
0.565000	0.012657
0.570000	0.012047
0.575000	0.011436
0.580000	0.010824
0.585000	0.010210
0.590000	0.009594
0.595000	0.008978
0.600000	0.008360
0.605000	0.007742
0.610000	0.007122
0.615000	0.006501
0.620000	0.005880
0.625000	0.005258
0.630000	0.004635
0.635000	0.004012
0.640000	0.003388
0.645000	0.002764
0.650000	0.002140
0.655000	0.001515
0.660000	0.000890
0.665000	0.000266
0.670000	-0.000359
0.675000	-0.000983
0.680000	-0.001607
0.685000	-0.002231
0.690000	-0.002854
0.695000	-0.003477
0.700000	-0.004100
0.705000	-0.004721
0.710000	-0.005342
0.715000	-0.005962
0.720000	-0.006581
0.725000	-0.007199
0.730000	-0.007815
0.735000	-0.008431
0.740000	-0.009045
0.745000	-0.009658
0.750000	-0.010270
0.755000	-0.010879
0.760000	-0.011488
0.765000	-0.012094
0.770000	-0.012699
0.775000	-0.013302
0.780000	-0.013902
0.785000	-0.014501
0.790000	-0.015098
0.795000	-0.015692
0.800000	-0.016284
0.805000	-0.016874
0.810000	-0.017461
0.815000	-0.018045
0.820000	-0.018627
0.825000	-0.019207
0.830000	-0.019783
0.835000	-0.020357
0.840000	-0.020927
0.845000	-0.021495
0.850000	-0.022059
0.855000	-0.022620
0.860000	-0.023178
0.865000	-0.023733
0.870000	-0.024284
0.875000	-0.024831
0.880000	-0.025375
0.885000	-0.025915
0.890000	-0.026452
0.895000	-0.026985
0.900000	-0.027514
0.905000	-0.028039
0.910000	-0.028559
0.915000	-0.029076
0.920000	-0.029589
0.925000	-0.030097
0.930000	-0.030601
0.935000	-0.031101
0.940000	-0.031596
0.945000	-0.032086
0.950000	-0.032572
0.955000	-0.033054
0.960000	-0.033530
0.965000	-0.034002
0.970000	-0.034469
0.975000	-0.034931
0.980000	-0.035388
0.985000	-0.035840
0.990000	-0.036287
0.995000	-0.036729
1.000000	-0.037165
1.005000	-0.037596
1.010000	-0.038022
1.015000	-0.038443
1.020000	-0.038857
1.025000	-0.039267
1.030000	-0.039671
1.035000	-0.040069
1.040000	-0.040461
1.045000	-0.040848
1.050000	-0.041229
1.055000	-0.041604
1.060000	-0.041973
1.065000	-0.042336
1.070000	-0.042693
1.075000	-0.043045
1.080000	-0.043390
1.085000	-0.043728
1.090000	-0.044061
1.095000	-0.044388
1.100000	-0.044708
1.105000	-0.045022
1.110000	-0.045329
1.115000	-0.045630
1.120000	-0.045925
1.125000	-0.046213
1.130000	-0.046495
1.135000	-0.046770
1.140000	-0.047038
1.145000	-0.047300
1.150000	-0.047555
1.155000	-0.047803
1.160000	-0.048045
1.165000	-0.048280
1.170000	-0.048508
1.175000	-0.048730
1.180000	-0.048944
1.185000	-0.049151
1.190000	-0.049352
1.195000	-0.049546
1.200000	-0.049733
1.205000	-0.049912
1.210000	-0.050085
1.215000	-0.050251
1.220000	-0.050409
1.225000	-0.050561
1.230000	-0.050705
1.235000	-0.050843
1.240000	-0.050973
1.245000	-0.051096
1.250000	-0.051212
1.255000	-0.051321
1.260000	-0.051422
1.265000	-0.051517
1.270000	-0.051604
1.275000	-0.051684
1.280000	-0.051756
1.285000	-0.051822
1.290000	-0.051880
1.295000	-0.051931
1.300000	-0.051975
1.305000	-0.052011
1.310000	-0.052040
1.315000	-0.052062
1.320000	-0.052077
1.325000	-0.052084
1.330000	-0.052085
1.335000	-0.052077
1.340000	-0.052063
1.345000	-0.052042
1.350000	-0.052013
1.355000	-0.051977
1.360000	-0.051933
1.365000	-0.051883
1.370000	-0.051825
1.375000	-0.051760
1.380000	-0.051688
1.385000	-0.051609
1.390000	-0.051522
1.395000	-0.051429
1.400000	-0.051328
1.405000	-0.051220
1.410000	-0.051106
1.415000	-0.050984
1.420000	-0.050855
1.425000	-0.050718
1.430000	-0.050575
1.435000	-0.050425
1.440000	-0.050268
1.445000	-0.050104
1.450000	-0.049933
1.455000	-0.049756
1.460000	-0.049571
1.465000	-0.049380
1.470000	-0.049181
1.475000	-0.048976
1.480000	-0.048764
1.485000	-0.048546
1.490000	-0.048321
1.495000	-0.048089
1.500000	-0.047851
1.505000	-0.047606
1.510000	-0.047354
1.515000	-0.047096
1.520000	-0.046832
1.525000	-0.046561
1.530000	-0.046284
1.535000	-0.046000
1.540000	-0.045710
1.545000	-0.045414
1.550000	-0.045112
1.555000	-0.044804
1.560000	-0.044489
1.565000	-0.044168
1.570000	-0.043842
1.575000	-0.043509
1.580000	-0.043171
1.585000	-0.042826
1.590000	-0.042476
1.595000	-0.042120
1.600000	-0.041759
1.605000	-0.041391
1.610000	-0.041018
1.615000	-0.040640
1.620000	-0.040256
1.625000	-0.039867
1.630000	-0.039472
1.635000	-0.039072
1.640000	-0.038666
1.645000	-0.038256
1.650000	-0.037840
1.655000	-0.037419
1.660000	-0.036994
1.665000	-0.036563
1.670000	-0.036127
1.675000	-0.035687
1.680000	-0.035242
1.685000	-0.034792
1.690000	-0.034337
1.695000	-0.033878
1.700000	-0.033414
1.705000	-0.032946
1.710000	-0.032474
1.715000	-0.031997
1.720000	-0.031516
1.725000	-0.031031
1.730000	-0.030541
1.735000	-0.030048
1.740000	-0.029551
1.745000	-0.029050
1.750000	-0.028545
1.755000	-0.028036
1.760000	-0.027524
1.765000	-0.027008
1.770000	-0.026489
1.775000	-0.025966
1.780000	-0.025440
1.785000	-0.024910
1.790000	-0.024378
1.795000	-0.023842
1.800000	-0.023303
1.805000	-0.022761
1.810000	-0.022216
1.815000	-0.021669
1.820000	-0.021119
1.825000	-0.020566
1.830000	-0.020010
1.835000	-0.019452
1.840000	-0.018892
1.845000	-0.018329
1.850000	-0.017764
1.855000	-0.017196
1.860000	-0.016627
1.865000	-0.016056
1.870000	-0.015482
1.875000	-0.014907
1.880000	-0.014330
1.885000	-0.013751
1.890000	-0.013171
1.895000	-0.012589
1.900000	-0.012006
1.905000	-0.011421
1.910000	-0.010835
1.915000	-0.010248
1.920000	-0.009660
1.925000	-0.009071
1.930000	-0.008481
1.935000	-0.007889
1.940000	-0.007298
1.945000	-0.006705
1.950000	-0.006112
1.955000	-0.005518
1.960000	-0.004924
1.965000	-0.004329
1.970000	-0.003735
1.975000	-0.003140
1.980000	-0.002545
1.985000	-0.001949
1.990000	-0.001354
1.995000	-0.000759
2.000000	-0.000165
2.005000	0.000430
2.010000	0.001024
2.015000	0.001617
2.020000	0.002210
2.025000	0.002803
2.030000	0.003394
2.035000	0.003985
2.040000	0.004575
2.045000	0.005164
2.050000	0.005752
2.055000	0.006339
2.060000	0.006924
2.065000	0.007509
2.070000	0.008091
2.075000	0.008673
2.080000	0.009253
2.085000	0.009831
2.090000	0.010408
2.095000	0.010982
2.100000	0.011555
2.105000	0.012126
2.110000	0.012695
2.115000	0.013262
2.120000	0.013827
2.125000	0.014389
2.130000	0.014949
2.135000	0.015507
2.140000	0.016062
2.145000	0.016614
2.150000	0.017164
2.155000	0.017712
2.160000	0.018256
2.165000	0.018797
2.170000	0.019336
2.175000	0.019872
2.180000	0.020404
2.185000	0.020934
2.190000	0.021460
2.195000	0.021982
2.200000	0.022502
2.205000	0.023018
2.210000	0.023530
2.215000	0.024039
2.220000	0.024544
2.225000	0.025046
2.230000	0.025543
2.235000	0.026037
2.240000	0.026527
2.245000	0.027013
2.250000	0.027495
2.255000	0.027972
2.260000	0.028446
2.265000	0.028915
2.270000	0.029380
2.275000	0.029840
2.280000	0.030296
2.285000	0.030748
2.290000	0.031195
2.295000	0.031637
2.300000	0.032075
2.305000	0.032508
2.310000	0.032936
2.315000	0.033359
2.320000	0.033777
2.325000	0.034190
2.330000	0.034599
2.335000	0.035002
2.340000	0.035400
2.345000	0.035793
2.350000	0.036181
2.355000	0.036563
2.360000	0.036940
2.365000	0.037311
2.370000	0.037678
2.375000	0.038038
2.380000	0.038393
2.385000	0.038743
2.390000	0.039087
2.395000	0.039425
2.400000	0.039758
2.405000	0.040084
2.410000	0.040405
2.415000	0.040720
2.420000	0.041030
2.425000	0.041333
2.430000	0.041630
2.435000	0.041922
2.440000	0.042207
2.445000	0.042486
2.450000	0.042759
2.455000	0.043026
2.460000	0.043287
2.465000	0.043542
2.470000	0.043790
2.475000	0.044032
2.480000	0.044268
2.485000	0.044497
2.490000	0.044720
2.495000	0.044937
2.500000	0.045147
2.505000	0.045351
2.510000	0.045548
2.515000	0.045739
2.520000	0.045924
2.525000	0.046101
2.530000	0.046273
2.535000	0.046437
2.540000	0.046596
2.545000	0.046747
2.550000	0.046892
2.555000	0.047030
2.560000	0.047162
2.565000	0.047287
2.570000	0.047405
2.575000	0.047517
2.580000	0.047622
2.585000	0.047720
2.590000	0.047811
2.595000	0.047896
2.600000	0.047974
2.605000	0.048045
2.610000	0.048110
2.615000	0.048167
2.620000	0.048218
2.625000	0.048263
2.630000	0.048300
2.635000	0.048331
2.640000	0.048355
2.645000	0.048372
2.650000	0.048383
2.655000	0.048386
2.660000	0.048383
2.665000	0.048373
2.670000	0.048357
2.675000	0.048334
2.680000	0.048304
2.685000	0.048267
2.690000	0.048224
2.695000	0.048173
2.700000	0.048117
2.705000	0.048053
2.710000	0.047983
2.715000	0.047907
2.720000	0.047823
2.725000	0.047733
2.730000	0.047637
2.735000	0.047534
2.740000	0.047424
2.745000	0.047308
2.750000	0.047185
2.755000	0.047056
2.760000	0.046921
2.765000	0.046779
2.770000	0.046630
2.775000	0.046475
2.780000	0.046314
2.785000	0.046147
2.790000	0.045973
2.795000	0.045793
2.800000	0.045606
2.805000	0.045414
2.810000	0.045215
2.815000	0.045010
2.820000	0.044799
2.825000	0.044582
2.830000	0.044359
2.835000	0.044130
2.840000	0.043895
2.845000	0.043654
2.850000	0.043407
2.855000	0.043154
2.860000	0.042895
2.865000	0.042631
2.870000	0.042361
2.875000	0.042085
2.880000	0.041804
2.885000	0.041517
2.890000	0.041224
2.895000	0.040926
2.900000	0.040622
2.905000	0.040313
2.910000	0.039999
2.915000	0.039679
2.920000	0.039354
2.925000	0.039024
2.930000	0.038689
2.935000	0.038348
2.940000	0.038003
2.945000	0.037652
2.950000	0.037297
2.955000	0.036936
2.960000	0.036571
2.965000	0.036201
2.970000	0.035826
2.975000	0.035446
2.980000	0.035062
2.985000	0.034674
2.990000	0.034280
2.995000	0.033883
3.000000	0.033481
3.005000	0.033074
3.010000	0.032664
3.015000	0.032249
3.020000	0.031830
3.025000	0.031407
3.030000	0.030979
3.035000	0.030548
3.040000	0.030113
3.045000	0.029674
3.050000	0.029232
3.055000	0.028786
3.060000	0.028336
3.065000	0.027882
3.070000	0.027425
3.075000	0.026965
3.080000	0.026501
3.085000	0.026034
3.090000	0.025563
3.095000	0.025090
3.100000	0.024613
3.105000	0.024134
3.110000	0.023651
3.115000	0.023166
3.120000	0.022677
3.125000	0.022186
3.130000	0.021693
3.135000	0.021196
3.140000	0.020698
3.145000	0.020196
3.150000	0.019693
3.155000	0.019187
3.160000	0.018679
3.165000	0.018168
3.170000	0.017656
3.175000	0.017142
3.180000	0.016625
3.185000	0.016107
3.190000	0.015587
3.195000	0.015065
3.200000	0.014542
3.205000	0.014017
3.210000	0.013491
3.215000	0.012963
3.220000	0.012434
3.225000	0.011903
3.230000	0.011372
3.235000	0.010839
3.240000	0.010305
3.245000	0.009771
3.250000	0.009235
3.255000	0.008699
3.260000	0.008161
3.265000	0.007624
3.270000	0.007085
3.275000	0.006546
3.280000	0.006007
3.285000	0.005468
3.290000	0.004928
3.295000	0.004388
3.300000	0.003847
3.305000	0.003307
3.310000	0.002767
3.315000	0.002227
3.320000	0.001687
3.325000	0.001147
3.330000	0.000608
3.335000	0.000069
3.340000	-0.000469
3.345000	-0.001007
3.350000	-0.001544
3.355000	-0.002081
3.360000	-0.002617
3.365000	-0.003151
3.370000	-0.003685
3.375000	-0.004218
3.380000	-0.004750
3.385000	-0.005281
3.390000	-0.005810
3.395000	-0.006338
3.400000	-0.006865
3.405000	-0.007390
3.410000	-0.007914
3.415000	-0.008436
3.420000	-0.008957
3.425000	-0.009475
3.430000	-0.009992
3.435000	-0.010507
3.440000	-0.011020
3.445000	-0.011531
3.450000	-0.012040
3.455000	-0.012547
3.460000	-0.013052
3.465000	-0.013554
3.470000	-0.014054
3.475000	-0.014551
3.480000	-0.015046
3.485000	-0.015539
3.490000	-0.016028
3.495000	-0.016515
3.500000	-0.017000
3.505000	-0.017481
3.510000	-0.017959
3.515000	-0.018435
3.520000	-0.018907
3.525000	-0.019377
3.530000	-0.019843
3.535000	-0.020306
3.540000	-0.020766
3.545000	-0.021222
3.550000	-0.021675
3.555000	-0.022125
3.560000	-0.022571
3.565000	-0.023013
3.570000	-0.023452
3.575000	-0.023887
3.580000	-0.024318
3.585000	-0.024745
3.590000	-0.025169
3.595000	-0.025589
3.600000	-0.026004
3.605000	-0.026416
3.610000	-0.026823
3.615000	-0.027227
3.620000	-0.027626
3.625000	-0.028021
3.630000	-0.028411
3.635000	-0.028798
3.640000	-0.029179
3.645000	-0.029557
3.650000	-0.029930
3.655000	-0.030298
3.660000	-0.030662
3.665000	-0.031021
3.670000	-0.031375
3.675000	-0.031725
3.680000	-0.032070
3.685000	-0.032410
3.690000	-0.032745
3.695000	-0.033075
3.700000	-0.033401
3.705000	-0.033721
3.710000	-0.034036
3.715000	-0.034346
3.720000	-0.034652
3.725000	-0.034951
3.730000	-0.035246
3.735000	-0.035536
3.740000	-0.035820
3.745000	-0.036099
3.750000	-0.036373
3.755000	-0.036641
3.760000	-0.036904
3.765000	-0.037162
3.770000	-0.037414
3.775000	-0.037660
3.780000	-0.037901
3.785000	-0.038137
3.790000	-0.038367
3.795000	-0.038591
3.800000	-0.038810
3.805000	-0.039023
3.810000	-0.039231
3.815000	-0.039432
3.820000	-0.039628
3.825000	-0.039819
3.830000	-0.040003
3.835000	-0.040182
3.840000	-0.040355
3.845000	-0.040522
3.850000	-0.040683
3.855000	-0.040839
3.860000	-0.040988
3.865000	-0.041132
3.870000	-0.041270
3.875000	-0.041402
3.880000	-0.041528
3.885000	-0.041648
3.890000	-0.041762
3.895000	-0.041870
3.900000	-0.041973
3.905000	-0.042069
3.910000	-0.042159
3.915000	-0.042244
3.920000	-0.042322
3.925000	-0.042394
3.930000	-0.042461
3.935000	-0.042521
3.940000	-0.042575
3.945000	-0.042624
3.950000	-0.042666
3.955000	-0.042703
3.960000	-0.042733
3.965000	-0.042757
3.970000	-0.042776
3.975000	-0.042788
3.980000	-0.042794
3.985000	-0.042795
3.990000	-0.042789
3.995000	-0.042778
4.000000	-0.042760
4.005000	-0.042737
4.010000	-0.042708
4.015000	-0.042672
4.020000	-0.042631
4.025000	-0.042584
4.030000	-0.042531
4.035000	-0.042472
4.040000	-0.042408
4.045000	-0.042337
4.050000	-0.042261
4.055000	-0.042179
4.060000	-0.042091
4.065000	-0.041997
4.070000	-0.041897
4.075000	-0.041792
4.080000	-0.041681
4.085000	-0.041564
4.090000	-0.041442
4.095000	-0.041314
4.100000	-0.041181
4.105000	-0.041041
4.110000	-0.040897
4.115000	-0.040746
4.120000	-0.040591
4.125000	-0.040429
4.130000	-0.040263
4.135000	-0.040090
4.140000	-0.039913
4.145000	-0.039730
4.150000	-0.039542
4.155000	-0.039348
4.160000	-0.039149
4.165000	-0.038945
4.170000	-0.038736
4.175000	-0.038522
4.180000	-0.038302
4.185000	-0.038077
4.190000	-0.037848
4.195000	-0.037613
4.200000	-0.037373
4.205000	-0.037129
4.210000	-0.036879
4.215000	-0.036625
4.220000	-0.036366
4.225000	-0.036102
4.230000	-0.035833
4.235000	-0.035559
4.240000	-0.035281
4.245000	-0.034999
4.250000	-0.034712
4.255000	-0.034420
4.260000	-0.034124
4.265000	-0.033823
4.270000	-0.033518
4.275000	-0.033209
4.280000	-0.032896
4.285000	-0.032578
4.290000	-0.032256
4.295000	-0.031930
4.300000	-0.031600
4.305000	-0.031266
4.310000	-0.030928
4.315000	-0.030586
4.320000	-0.030240
4.325000	-0.029890
4.330000	-0.029537
4.335000	-0.029180
4.340000	-0.028819
4.345000	-0.028455
4.350000	-0.028087
4.355000	-0.027716
4.360000	-0.027341
4.365000	-0.026963
4.370000	-0.026581
4.375000	-0.026197
4.380000	-0.025809
4.385000	-0.025418
4.390000	-0.025024
4.395000	-0.024627
4.400000	-0.024227
4.405000	-0.023824
4.410000	-0.023418
4.415000	-0.023010
4.420000	-0.022598
4.425000	-0.022184
4.430000	-0.021768
4.435000	-0.021349
4.440000	-0.020928
4.445000	-0.020504
4.450000	-0.020077
4.455000	-0.019649
4.460000	-0.019218
4.465000	-0.018785
4.470000	-0.018350
4.475000	-0.017913
4.480000	-0.017475
4.485000	-0.017034
4.490000	-0.016591
4.495000	-0.016147
4.500000	-0.015701
4.505000	-0.015253
4.510000	-0.014803
4.515000	-0.014353
4.520000	-0.013900
4.525000	-0.013447
4.530000	-0.012992
4.535000	-0.012536
4.540000	-0.012078
4.545000	-0.011620
4.550000	-0.011160
4.555000	-0.010700
4.560000	-0.010238
4.565000	-0.009776
4.570000	-0.009313
4.575000	-0.008849
4.580000	-0.008385
4.585000	-0.007920
4.590000	-0.007454
4.595000	-0.006989
4.600000	-0.006522
4.605000	-0.006056
4.610000	-0.005589
4.615000	-0.005122
4.620000	-0.004654
4.625000	-0.004187
4.630000	-0.003720
4.635000	-0.003253
4.640000	-0.002786
4.645000	-0.002319
4.650000	-0.001852
4.655000	-0.001386
4.660000	-0.000921
4.665000	-0.000455
4.670000	0.000010
4.675000	0.000474
4.680000	0.000937
4.685000	0.001400
4.690000	0.001862
4.695000	0.002323
4.700000	0.002783
4.705000	0.003242
4.710000	0.003700
4.715000	0.004157
4.720000	0.004613
4.725000	0.005068
4.730000	0.005521
4.735000	0.005973
4.740000	0.006424
4.745000	0.006873
4.750000	0.007320
4.755000	0.007766
4.760000	0.008210
4.765000	0.008653
4.770000	0.009093
4.775000	0.009532
4.780000	0.009969
4.785000	0.010404
4.790000	0.010837
4.795000	0.011268
4.800000	0.011696
4.805000	0.012123
4.810000	0.012547
4.815000	0.012969
4.820000	0.013388
4.825000	0.013805
4.830000	0.014220
4.835000	0.014632
4.840000	0.015042
4.845000	0.015448
4.850000	0.015852
4.855000	0.016254
4.860000	0.016652
4.865000	0.017048
4.870000	0.017441
4.875000	0.017831
4.880000	0.018217
4.885000	0.018601
4.890000	0.018982
4.895000	0.019359
4.900000	0.019733
4.905000	0.020104
4.910000	0.020472
4.915000	0.020836
4.920000	0.021197
4.925000	0.021554
4.930000	0.021908
4.935000	0.022259
4.940000	0.022606
4.945000	0.022949
4.950000	0.023288
4.955000	0.023624
4.960000	0.023956
4.965000	0.024284
4.970000	0.024609
4.975000	0.024929
4.980000	0.025246
4.985000	0.025558
4.990000	0.025867
4.995000	0.026171
5.000000	0.026472
5.005000	0.026768
5.010000	0.027060
5.015000	0.027348
5.020000	0.027632
5.025000	0.027912
5.030000	0.028187
5.035000	0.028458
5.040000	0.028724
5.045000	0.028987
5.050000	0.029244
5.055000	0.029498
5.060000	0.029747
5.065000	0.029991
5.070000	0.030231
5.075000	0.030466
5.080000	0.030697
5.085000	0.030923
5.090000	0.031144
5.095000	0.031361
5.100000	0.031573
5.105000	0.031781
5.110000	0.031983
5.115000	0.032181
5.120000	0.032374
5.125000	0.032562
5.130000	0.032746
5.135000	0.032925
5.140000	0.033098
5.145000	0.033267
5.150000	0.033431
5.155000	0.033591
5.160000	0.033745
5.165000	0.033894
5.170000	0.034038
5.175000	0.034178
5.180000	0.034312
5.185000	0.034442
5.190000	0.034566
5.195000	0.034685
5.200000	0.034800
5.205000	0.034909
5.210000	0.035014
5.215000	0.035113
5.220000	0.035207
5.225000	0.035296
5.230000	0.035380
5.235000	0.035459
5.240000	0.035533
5.245000	0.035602
5.250000	0.035666
5.255000	0.035725
5.260000	0.035779
5.265000	0.035827
5.270000	0.035871
5.275000	0.035909
5.280000	0.035943
5.285000	0.035971
5.290000	0.035994
5.295000	0.036012
5.300000	0.036025
5.305000	0.036034
5.310000	0.036037
5.315000	0.036035
5.320000	0.036028
5.325000	0.036015
5.330000	0.035998
5.335000	0.035976
5.340000	0.035949
5.345000	0.035917
5.350000	0.035880
5.355000	0.035838
5.360000	0.035791
5.365000	0.035739
5.370000	0.035682
5.375000	0.035621
5.380000	0.035554
5.385000	0.035483
5.390000	0.035406
5.395000	0.035325
5.400000	0.035239
5.405000	0.035149
5.410000	0.035053
5.415000	0.034953
5.420000	0.034848
5.425000	0.034738
5.430000	0.034624
5.435000	0.034505
5.440000	0.034381
5.445000	0.034253
5.450000	0.034120
5.455000	0.033982
5.460000	0.033840
5.465000	0.033694
5.470000	0.033542
5.475000	0.033387
5.480000	0.033227
5.485000	0.033063
5.490000	0.032894
5.495000	0.032721
5.500000	0.032544
5.505000	0.032362
5.510000	0.032176
5.515000	0.031986
5.520000	0.031792
5.525000	0.031593
5.530000	0.031391
5.535000	0.031184
5.540000	0.030973
5.545000	0.030759
5.550000	0.030540
5.555000	0.030318
5.560000	0.030091
5.565000	0.029861
5.570000	0.029627
5.575000	0.029389
5.580000	0.029147
5.585000	0.028902
5.590000	0.028653
5.595000	0.028400
5.600000	0.028144
5.605000	0.027884
5.610000	0.027621
5.615000	0.027354
5.620000	0.027084
5.625000	0.026811
5.630000	0.026534
5.635000	0.026254
5.640000	0.025971
5.645000	0.025684
5.650000	0.025394
5.655000	0.025102
5.660000	0.024806
5.665000	0.024507
5.670000	0.024205
5.675000	0.023901
5.680000	0.023593
5.685000	0.023283
5.690000	0.022970
5.695000	0.022654
5.700000	0.022336
5.705000	0.022014
5.710000	0.021691
5.715000	0.021365
5.720000	0.021036
5.725000	0.020705
5.730000	0.020371
5.735000	0.020036
5.740000	0.019698
5.745000	0.019357
5.750000	0.019015
5.755000	0.018670
5.760000	0.018324
5.765000	0.017975
5.770000	0.017625
5.775000	0.017272
5.780000	0.016918
5.785000	0.016562
5.790000	0.016204
5.795000	0.015844
5.800000	0.015483
5.805000	0.015120
5.810000	0.014756
5.815000	0.014390
5.820000	0.014023
5.825000	0.013655
5.830000	0.013285
5.835000	0.012914
5.840000	0.012541
5.845000	0.012168
5.850000	0.011793
5.855000	0.011417
5.860000	0.011041
5.865000	0.010663
5.870000	0.010285
5.875000	0.009906
5.880000	0.009526
5.885000	0.009145
5.890000	0.008763
5.895000	0.008381
5.900000	0.007999
5.905000	0.007616
5.910000	0.007232
5.915000	0.006848
5.920000	0.006464
5.925000	0.006080
5.930000	0.005695
5.935000	0.005310
5.940000	0.004925
5.945000	0.004540
5.950000	0.004155
5.955000	0.003770
5.960000	0.003385
5.965000	0.003001
5.970000	0.002616
5.975000	0.002232
5.980000	0.001848
5.985000	0.001465
5.990000	0.001082
5.995000	0.000699
6.000000	0.000317
6.005000	-0.000065
6.010000	-0.000445
6.015000	-0.000825
6.020000	-0.001205
6.025000	-0.001583
6.030000	-0.001961
6.035000	-0.002338
6.040000	-0.002714
6.045000	-0.003089
6.050000	-0.003462
6.055000	-0.003835
6.060000	-0.004207
6.065000	-0.004577
6.070000	-0.004946
6.075000	-0.005314
6.080000	-0.005680
6.085000	-0.006045
6.090000	-0.006409
6.095000	-0.006771
6.100000	-0.007131
6.105000	-0.007490
6.110000	-0.007847
6.115000	-0.008202
6.120000	-0.008556
6.125000	-0.008908
6.130000	-0.009258
6.135000	-0.009606
6.140000	-0.009953
6.145000	-0.010297
6.150000	-0.010639
6.155000	-0.010979
6.160000	-0.011317
6.165000	-0.011653
6.170000	-0.011987
6.175000	-0.012318
6.180000	-0.012647
6.185000	-0.012974
6.190000	-0.013299
6.195000	-0.013621
6.200000	-0.013940
6.205000	-0.014257
6.210000	-0.014572
6.215000	-0.014884
6.220000	-0.015193
6.225000	-0.015500
6.230000	-0.015804
6.235000	-0.016105
6.240000	-0.016404
6.245000	-0.016699
6.250000	-0.016992
6.255000	-0.017282
6.260000	-0.017569
6.265000	-0.017853
6.270000	-0.018134
6.275000	-0.018412
6.280000	-0.018687
6.285000	-0.018959
6.290000	-0.019228
6.295000	-0.019493
6.300000	-0.019756
6.305000	-0.020015
6.310000	-0.020271
6.315000	-0.020523
6.320000	-0.020773
6.325000	-0.021019
6.330000	-0.021261
6.335000	-0.021501
6.340000	-0.021736
6.345000	-0.021969
6.350000	-0.022197
6.355000	-0.022423
6.360000	-0.022645
6.365000	-0.022863
6.370000	-0.023077
6.375000	-0.023289
6.380000	-0.023496
6.385000	-0.023700
6.390000	-0.023900
6.395000	-0.024096
6.400000	-0.024289
6.405000	-0.024478
6.410000	-0.024663
6.415000	-0.024844
6.420000	-0.025022
6.425000	-0.025196
6.430000	-0.025366
6.435000	-0.025532
6.440000	-0.025694
6.445000	-0.025852
6.450000	-0.026007
6.455000	-0.026157
6.460000	-0.026304
6.465000	-0.026446
6.470000	-0.026585
6.475000	-0.026720
6.480000	-0.026850
6.485000	-0.026977
6.490000	-0.027100
6.495000	-0.027219
6.500000	-0.027333
6.505000	-0.027444
6.510000	-0.027551
6.515000	-0.027653
6.520000	-0.027752
6.525000	-0.027846
6.530000	-0.027936
6.535000	-0.028023
6.540000	-0.028105
6.545000	-0.028183
6.550000	-0.028257
6.555000	-0.028327
6.560000	-0.028393
6.565000	-0.028455
6.570000	-0.028512
6.575000	-0.028566
6.580000	-0.028615
6.585000	-0.028661
6.590000	-0.028702
6.595000	-0.028739
6.600000	-0.028773
6.605000	-0.028802
6.610000	-0.028826
6.615000	-0.028847
6.620000	-0.028864
6.625000	-0.028877
6.630000	-0.028885
6.635000	-0.028890
6.640000	-0.028891
6.645000	-0.028887
6.650000	-0.028879
6.655000	-0.028868
6.660000	-0.028852
6.665000	-0.028833
6.670000	-0.028809
6.675000	-0.028781
6.680000	-0.028750
6.685000	-0.028714
6.690000	-0.028675
6.695000	-0.028631
6.700000	-0.028584
6.705000	-0.028533
6.710000	-0.028477
6.715000	-0.028418
6.720000	-0.028355
6.725000	-0.028289
6.730000	-0.028218
6.735000	-0.028144
6.740000	-0.028065
6.745000	-0.027983
6.750000	-0.027897
6.755000	-0.027808
6.760000	-0.027715
6.765000	-0.027618
6.770000	-0.027517
6.775000	-0.027413
6.780000	-0.027305
6.785000	-0.027193
6.790000	-0.027078
6.795000	-0.026959
6.800000	-0.026837
6.805000	-0.026711
6.810000	-0.026581
6.815000	-0.026449
6.820000	-0.026312
6.825000	-0.026173
6.830000	-0.026030
6.835000	-0.025883
6.840000	-0.025733
6.845000	-0.025580
6.850000	-0.025424
6.855000	-0.025264
6.860000	-0.025101
6.865000	-0.024935
6.870000	-0.024765
6.875000	-0.024593
6.880000	-0.024417
6.885000	-0.024239
6.890000	-0.024057
6.895000	-0.023872
6.900000	-0.023684
6.905000	-0.023494
6.910000	-0.023300
6.915000	-0.023103
6.920000	-0.022904
6.925000	-0.022702
6.930000	-0.022497
6.935000	-0.022289
6.940000	-0.022079
6.945000	-0.021865
6.950000	-0.021650
6.955000	-0.021431
6.960000	-0.021210
6.965000	-0.020987
6.970000	-0.020760
6.975000	-0.020532
6.980000	-0.020301
6.985000	-0.020068
6.990000	-0.019832
6.995000	-0.019594
7.000000	-0.019353
7.005000	-0.019111
7.010000	-0.018866
7.015000	-0.018619
7.020000	-0.018370
7.025000	-0.018119
7.030000	-0.017865
7.035000	-0.017610
7.040000	-0.017353
7.045000	-0.017094
7.050000	-0.016833
7.055000	-0.016570
7.060000	-0.016305
7.065000	-0.016039
7.070000	-0.015771
7.075000	-0.015501
7.080000	-0.015229
7.085000	-0.014956
7.090000	-0.014681
7.095000	-0.014405
7.100000	-0.014127
7.105000	-0.013848
7.110000	-0.013568
7.115000	-0.013286
7.120000	-0.013003
7.125000	-0.012718
7.130000	-0.012433
7.135000	-0.012146
7.140000	-0.011858
7.145000	-0.011569
7.150000	-0.011279
7.155000	-0.010988
7.160000	-0.010696
7.165000	-0.010403
7.170000	-0.010109
7.175000	-0.009814
7.180000	-0.009519
7.185000	-0.009223
7.190000	-0.008926
7.195000	-0.008628
7.200000	-0.008330
7.205000	-0.008031
7.210000	-0.007732
7.215000	-0.007432
7.220000	-0.007132
7.225000	-0.006831
7.230000	-0.006530
7.235000	-0.006229
7.240000	-0.005927
7.245000	-0.005625
7.250000	-0.005323
7.255000	-0.005021
7.260000	-0.004719
7.265000	-0.004417
7.270000	-0.004115
7.275000	-0.003812
7.280000	-0.003510
7.285000	-0.003208
7.290000	-0.002906
7.295000	-0.002605
7.300000	-0.002303
7.305000	-0.002002
7.310000	-0.001701
7.315000	-0.001401
7.320000	-0.001101
7.325000	-0.000801
7.330000	-0.000502
7.335000	-0.000203
7.340000	0.000095
7.345000	0.000392
7.350000	0.000689
7.355000	0.000985
7.360000	0.001280
7.365000	0.001575
7.370000	0.001868
7.375000	0.002161
7.380000	0.002453
7.385000	0.002744
7.390000	0.003034
7.395000	0.003323
7.400000	0.003611
7.405000	0.003897
7.410000	0.004183
7.415000	0.004468
7.420000	0.004751
7.425000	0.005033
7.430000	0.005314
7.435000	0.005593
7.440000	0.005871
7.445000	0.006148
7.450000	0.006423
7.455000	0.006697
7.460000	0.006969
7.465000	0.007240
7.470000	0.007509
7.475000	0.007777
7.480000	0.008043
7.485000	0.008307
7.490000	0.008569
7.495000	0.008830
7.500000	0.009089
7.505000	0.009346
7.510000	0.009602
7.515000	0.009855
7.520000	0.010107
7.525000	0.010356
7.530000	0.010604
7.535000	0.010849
7.540000	0.011093
7.545000	0.011334
7.550000	0.011574
7.555000	0.011811
7.560000	0.012046
7.565000	0.012279
7.570000	0.012510
7.575000	0.012739
7.580000	0.012965
7.585000	0.013189
7.590000	0.013411
7.595000	0.013630
7.600000	0.013847
7.605000	0.014061
7.610000	0.014273
7.615000	0.014483
7.620000	0.014690
7.625000	0.014895
7.630000	0.015097
7.635000	0.015297
7.640000	0.015494
7.645000	0.015688
7.650000	0.015880
7.655000	0.016069
7.660000	0.016256
7.665000	0.016440
7.670000	0.016621
7.675000	0.016799
7.680000	0.016975
7.685000	0.017148
7.690000	0.017318
7.695000	0.017486
7.700000	0.017650
7.705000	0.017812
7.710000	0.017971
7.715000	0.018127
7.720000	0.018280
7.725000	0.018430
7.730000	0.018578
7.735000	0.018722
7.740000	0.018864
7.745000	0.019002
7.750000	0.019138
7.755000	0.019271
7.760000	0.019400
7.765000	0.019527
7.770000	0.019651
7.775000	0.019771
7.780000	0.019889
7.785000	0.020003
7.790000	0.020115
7.795000	0.020223
7.800000	0.020329
7.805000	0.020431
7.810000	0.020530
7.815000	0.020626
7.820000	0.020719
7.825000	0.020809
7.830000	0.020896
7.835000	0.020980
7.840000	0.021060
7.845000	0.021138
7.850000	0.021212
7.855000	0.021283
7.860000	0.021351
7.865000	0.021416
7.870000	0.021477
7.875000	0.021536
7.880000	0.021591
7.885000	0.021644
7.890000	0.021693
7.895000	0.021739
7.900000	0.021781
7.905000	0.021821
7.910000	0.021858
7.915000	0.021891
7.920000	0.021921
7.925000	0.021948
7.930000	0.021972
7.935000	0.021993
7.940000	0.022010
7.945000	0.022025
7.950000	0.022036
7.955000	0.022045
7.960000	0.022050
7.965000	0.022052
7.970000	0.022051
7.975000	0.022047
7.980000	0.022039
7.985000	0.022029
7.990000	0.022016
7.995000	0.021999
8.000000	0.021980
8.005000	0.021957
8.010000	0.021932
8.015000	0.021903
8.020000	0.021872
8.025000	0.021837
8.030000	0.021799
8.035000	0.021759
8.040000	0.021715
8.045000	0.021669
8.050000	0.021620
8.055000	0.021567
8.060000	0.021512
8.065000	0.021454
8.070000	0.021393
8.075000	0.021329
8.080000	0.021262
8.085000	0.021193
8.090000	0.021120
8.095000	0.021045
8.100000	0.020967
8.105000	0.020886
8.110000	0.020803
8.115000	0.020717
8.120000	0.020628
8.125000	0.020536
8.130000	0.020442
8.135000	0.020345
8.140000	0.020245
8.145000	0.020143
8.150000	0.020038
8.155000	0.019931
8.160000	0.019821
8.165000	0.019708
8.170000	0.019593
8.175000	0.019476
8.180000	0.019356
8.185000	0.019233
8.190000	0.019108
8.195000	0.018981
8.200000	0.018851
8.205000	0.018720
8.210000	0.018585
8.215000	0.018449
8.220000	0.018310
8.225000	0.018169
8.230000	0.018025
8.235000	0.017880
8.240000	0.017732
8.245000	0.017582
8.250000	0.017430
8.255000	0.017276
8.260000	0.017120
8.265000	0.016961
8.270000	0.016801
8.275000	0.016639
8.280000	0.016475
8.285000	0.016308
8.290000	0.016140
8.295000	0.015970
8.300000	0.015799
8.305000	0.015625
8.310000	0.015449
8.315000	0.015272
8.320000	0.015093
8.325000	0.014913
8.330000	0.014730
8.335000	0.014546
8.340000	0.014361
8.345000	0.014174
8.350000	0.013985
8.355000	0.013795
8.360000	0.013603
8.365000	0.013410
8.370000	0.013215
8.375000	0.013019
8.380000	0.012821
8.385000	0.012623
8.390000	0.012423
8.395000	0.012221
8.400000	0.012019
8.405000	0.011815
8.410000	0.011610
8.415000	0.011404
8.420000	0.011196
8.425000	0.010988
8.430000	0.010778
8.435000	0.010568
8.440000	0.010356
8.445000	0.010144
8.450000	0.009931
8.455000	0.009716
8.460000	0.009501
8.465000	0.009285
8.470000	0.009069
8.475000	0.008851
8.480000	0.008633
8.485000	0.008414
8.490000	0.008194
8.495000	0.007974
8.500000	0.007753
8.505000	0.007532
8.510000	0.007310
8.515000	0.007087
8.520000	0.006864
8.525000	0.006641
8.530000	0.006417
8.535000	0.006193
8.540000	0.005969
8.545000	0.005744
8.550000	0.005519
8.555000	0.005293
8.560000	0.005068
8.565000	0.004842
8.570000	0.004616
8.575000	0.004390
8.580000	0.004164
8.585000	0.003938
8.590000	0.003712
8.595000	0.003486
8.600000	0.003260
8.605000	0.003034
8.610000	0.002808
8.615000	0.002583
8.620000	0.002357
8.625000	0.002132
8.630000	0.001907
8.635000	0.001682
8.640000	0.001457
8.645000	0.001233
8.650000	0.001009
8.655000	0.000786
8.660000	0.000563
8.665000	0.000340
8.670000	0.000118
8.675000	-0.000103
8.680000	-0.000324
8.685000	-0.000545
8.690000	-0.000765
8.695000	-0.000984
8.700000	-0.001202
8.705000	-0.001420
8.710000	-0.001637
8.715000	-0.001853
8.720000	-0.002069
8.725000	-0.002284
8.730000	-0.002498
8.735000	-0.002711
8.740000	-0.002923
8.745000	-0.003134
8.750000	-0.003344
8.755000	-0.003554
8.760000	-0.003762
8.765000	-0.003969
8.770000	-0.004175
8.775000	-0.004380
8.780000	-0.004584
8.785000	-0.004787
8.790000	-0.004989
8.795000	-0.005189
8.800000	-0.005389
8.805000	-0.005587
8.810000	-0.005783
8.815000	-0.005979
8.820000	-0.006173
8.825000	-0.006366
8.830000	-0.006557
8.835000	-0.006747
8.840000	-0.006936
8.845000	-0.007123
8.850000	-0.007309
8.855000	-0.007493
8.860000	-0.007676
8.865000	-0.007857
8.870000	-0.008037
8.875000	-0.008215
8.880000	-0.008391
8.885000	-0.008566
8.890000	-0.008739
8.895000	-0.008911
8.900000	-0.009081
8.905000	-0.009249
8.910000	-0.009415
8.915000	-0.009580
8.920000	-0.009743
8.925000	-0.009905
8.930000	-0.010064
8.935000	-0.010222
8.940000	-0.010377
8.945000	-0.010531
8.950000	-0.010683
8.955000	-0.010834
8.960000	-0.010982
8.965000	-0.011128
8.970000	-0.011273
8.975000	-0.011415
8.980000	-0.011556
8.985000	-0.011695
8.990000	-0.011831
8.995000	-0.011966
9.000000	-0.012099
9.005000	-0.012229
9.010000	-0.012358
9.015000	-0.012484
9.020000	-0.012608
9.025000	-0.012731
9.030000	-0.012851
9.035000	-0.012969
9.040000	-0.013085
9.045000	-0.013199
9.050000	-0.013311
9.055000	-0.013420
9.060000	-0.013527
9.065000	-0.013633
9.070000	-0.013736
9.075000	-0.013837
9.080000	-0.013935
9.085000	-0.014032
9.090000	-0.014126
9.095000	-0.014218
9.100000	-0.014308
9.105000	-0.014395
9.110000	-0.014480
9.115000	-0.014563
9.120000	-0.014644
9.125000	-0.014723
9.130000	-0.014799
9.135000	-0.014873
9.140000	-0.014945
9.145000	-0.015014
9.150000	-0.015081
9.155000	-0.015146
9.160000	-0.015208
9.165000	-0.015269
9.170000	-0.015326
9.175000	-0.015382
9.180000	-0.015435
9.185000	-0.015486
9.190000	-0.015535
9.195000	-0.015581
9.200000	-0.015625
9.205000	-0.015667
9.210000	-0.015707
9.215000	-0.015744
9.220000	-0.015779
9.225000	-0.015811
9.230000	-0.015841
9.235000	-0.015869
9.240000	-0.015895
9.245000	-0.015918
9.250000	-0.015939
9.255000	-0.015958
9.260000	-0.015974
9.265000	-0.015988
9.270000	-0.016000
9.275000	-0.016010
9.280000	-0.016017
9.285000	-0.016022
9.290000	-0.016025
9.295000	-0.016025
9.300000	-0.016023
9.305000	-0.016019
9.310000	-0.016013
9.315000	-0.016004
9.320000	-0.015994
9.325000	-0.015981
9.330000	-0.015965
9.335000	-0.015948
9.340000	-0.015928
9.345000	-0.015907
9.350000	-0.015883
9.355000	-0.015856
9.360000	-0.015828
9.365000	-0.015798
9.370000	-0.015765
9.375000	-0.015730
9.380000	-0.015693
9.385000	-0.015654
9.390000	-0.015613
9.395000	-0.015570
9.400000	-0.015525
9.405000	-0.015477
9.410000	-0.015428
9.415000	-0.015376
9.420000	-0.015323
9.425000	-0.015268
9.430000	-0.015210
9.435000	-0.015151
9.440000	-0.015089
9.445000	-0.015026
9.450000	-0.014960
9.455000	-0.014893
9.460000	-0.014824
9.465000	-0.014753
9.470000	-0.014679
9.475000	-0.014605
9.480000	-0.014528
9.485000	-0.014449
9.490000	-0.014369
9.495000	-0.014286
9.500000	-0.014202
9.505000	-0.014117
9.510000	-0.014029
9.515000	-0.013940
9.520000	-0.013849
9.525000	-0.013756
9.530000	-0.013661
9.535000	-0.013565
9.540000	-0.013467
9.545000	-0.013368
9.550000	-0.013267
9.555000	-0.013164
9.560000	-0.013060
9.565000	-0.012954
9.570000	-0.012847
9.575000	-0.012738
9.580000	-0.012628
9.585000	-0.012516
9.590000	-0.012402
9.595000	-0.012288
9.600000	-0.012171
9.605000	-0.012054
9.610000	-0.011935
9.615000	-0.011814
9.620000	-0.011693
9.625000	-0.011570
9.630000	-0.011445
9.635000	-0.011320
9.640000	-0.011193
9.645000	-0.011065
9.650000	-0.010935
9.655000	-0.010805
9.660000	-0.010673
9.665000	-0.010540
9.670000	-0.010406
9.675000	-0.010271
9.680000	-0.010135
9.685000	-0.009998
9.690000	-0.009859
9.695000	-0.009720
9.700000	-0.009580
9.705000	-0.009439
9.710000	-0.009296
9.715000	-0.009153
9.720000	-0.009009
9.725000	-0.008864
9.730000	-0.008718
9.735000	-0.008572
9.740000	-0.008424
9.745000	-0.008276
9.750000	-0.008127
9.755000	-0.007977
9.760000	-0.007827
9.765000	-0.007676
9.770000	-0.007524
9.775000	-0.007372
9.780000	-0.007218
9.785000	-0.007065
9.790000	-0.006910
9.795000	-0.006756
9.800000	-0.006600
9.805000	-0.006444
9.810000	-0.006288
9.815000	-0.006131
9.820000	-0.005974
9.825000	-0.005816
9.830000	-0.005658
9.835000	-0.005500
9.840000	-0.005341
9.845000	-0.005182
9.850000	-0.005022
9.855000	-0.004863
9.860000	-0.004703
9.865000	-0.004543
9.870000	-0.004382
9.875000	-0.004222
9.880000	-0.004061
9.885000	-0.003900
9.890000	-0.003739
9.895000	-0.003578
9.900000	-0.003417
9.905000	-0.003256
9.910000	-0.003095
9.915000	-0.002934
9.920000	-0.002773
9.925000	-0.002612
9.930000	-0.002451
9.935000	-0.002290
9.940000	-0.002129
9.945000	-0.001969
9.950000	-0.001808
9.955000	-0.001648
9.960000	-0.001488
9.965000	-0.001328
9.970000	-0.001168
9.975000	-0.001009
9.980000	-0.000850
9.985000	-0.000691
9.990000	-0.000533
9.995000	-0.000375
