-10.000000	0.000000
-9.995000	0.000000
-9.990000	0.000000
-9.985000	0.000000
-9.980000	0.000000
-9.975000	0.000000
-9.970000	0.000000
-9.965000	0.000000
-9.960000	0.000000
-9.955000	0.000000
-9.950000	0.000000
-9.945000	0.000000
-9.940000	0.000000
-9.935000	0.000000
-9.930000	0.000000
-9.925000	0.000000
-9.920000	0.000000
-9.915000	0.000000
-9.910000	0.000000
-9.905000	0.000000
-9.900000	0.000000
-9.895000	0.000000
-9.890000	0.000000
-9.885000	0.000000
-9.880000	0.000000
-9.875000	0.000000
-9.870000	0.000000
-9.865000	0.000000
-9.860000	0.000000
-9.855000	0.000000
-9.850000	0.000000
-9.845000	0.000000
-9.840000	0.000000
-9.835000	0.000000
-9.830000	0.000000
-9.825000	0.000000
-9.820000	0.000000
-9.815000	0.000000
-9.810000	0.000000
-9.805000	0.000000
-9.800000	0.000000
-9.795000	0.000000
-9.790000	0.000000
-9.785000	0.000000
-9.780000	0.000000
-9.775000	0.000000
-9.770000	0.000000
-9.765000	0.000000
-9.760000	0.000000
-9.755000	0.000000
-9.750000	0.000000
-9.745000	0.000000
-9.740000	0.000000
-9.735000	0.000000
-9.730000	0.000000
-9.725000	0.000000
-9.720000	0.000000
-9.715000	0.000000
-9.710000	0.000000
-9.705000	0.000000
-9.700000	0.000000
-9.695000	0.000000
-9.690000	0.000000
-9.685000	0.000000
-9.680000	0.000000
-9.675000	0.000000
-9.670000	0.000000
-9.665000	0.000000
-9.660000	0.000000
-9.655000	0.000000
-9.650000	0.000000
-9.645000	0.000000
-9.640000	0.000000
-9.635000	0.000000
-9.630000	0.000000
-9.625000	0.000000
-9.620000	0.000000
-9.615000	0.000000
-9.610000	0.000000
-9.605000	0.000000
-9.600000	0.000000
-9.595000	0.000000
-9.590000	0.000000
-9.585000	0.000000
-9.580000	0.000000
-9.575000	0.000000
-9.570000	0.000000
-9.565000	0.000000
-9.560000	0.000000
-9.555000	0.000000
-9.550000	0.000000
-9.545000	0.000000
-9.540000	0.000000
-9.535000	0.000000
-9.530000	0.000000
-9.525000	0.000000
-9.520000	0.000000
-9.515000	0.000000
-9.510000	0.000000
-9.505000	0.000000
-9.500000	0.000000
-9.495000	0.000000
-9.490000	0.000000
-9.485000	0.000000
-9.480000	0.000000
-9.475000	0.000000
-9.470000	0.000000
-9.465000	0.000000
-9.460000	0.000000
-9.455000	0.000000
-9.450000	0.000000
-9.445000	0.000000
-9.440000	0.000000
-9.435000	0.000000
-9.430000	0.000000
-9.425000	0.000000
-9.420000	0.000000
-9.415000	0.000000
-9.410000	0.000000
-9.405000	0.000000
-9.400000	0.000000
-9.395000	0.000000
-9.390000	0.000000
-9.385000	0.000000
-9.380000	0.000000
-9.375000	0.000000
-9.370000	0.000000
-9.365000	0.000000
-9.360000	0.000000
-9.355000	0.000000
-9.350000	0.000000
-9.345000	0.000000
-9.340000	0.000000
-9.335000	0.000000
-9.330000	0.000000
-9.325000	0.000000
-9.320000	0.000000
-9.315000	0.000000
-9.310000	0.000000
-9.305000	0.000000
-9.300000	0.000000
-9.295000	0.000000
-9.290000	0.000000
-9.285000	0.000000
-9.280000	0.000000
-9.275000	0.000000
-9.270000	0.000000
-9.265000	0.000000
-9.260000	0.000000
-9.255000	0.000000
-9.250000	0.000000
-9.245000	0.000000
-9.240000	0.000000
-9.235000	0.000000
-9.230000	0.000000
-9.225000	0.000000
-9.220000	0.000000
-9.215000	0.000000
-9.210000	0.000000
-9.205000	0.000000
-9.200000	0.000000
-9.195000	0.000000
-9.190000	0.000000
-9.185000	0.000000
-9.180000	0.000000
-9.175000	0.000000
-9.170000	0.000000
-9.165000	0.000000
-9.160000	0.000000
-9.155000	0.000000
-9.150000	0.000000
-9.145000	0.000000
-9.140000	0.000000
-9.135000	0.000000
-9.130000	0.000000
-9.125000	0.000000
-9.120000	0.000000
-9.115000	0.000000
-9.110000	0.000000
-9.105000	0.000000
-9.100000	0.000000
-9.095000	0.000000
-9.090000	0.000000
-9.085000	0.000000
-9.080000	0.000000
-9.075000	0.000000
-9.070000	0.000000
-9.065000	0.000000
-9.060000	0.000000
-9.055000	0.000000
-9.050000	0.000000
-9.045000	0.000000
-9.040000	0.000000
-9.035000	0.000000
-9.030000	0.000000
-9.025000	0.000000
-9.020000	0.000000
-9.015000	0.000000
-9.010000	0.000000
-9.005000	0.000000
-9.000000	0.000000
-8.995000	0.000000
-8.990000	0.000000
-8.985000	0.000000
-8.980000	0.000000
-8.975000	0.000000
-8.970000	0.000000
-8.965000	0.000000
-8.960000	0.000000
-8.955000	0.000000
-8.950000	0.000000
-8.945000	0.000000
-8.940000	0.000000
-8.935000	0.000000
-8.930000	0.000000
-8.925000	0.000000
-8.920000	0.000000
-8.915000	0.000000
-8.910000	0.000000
-8.905000	0.000000
-8.900000	0.000000
-8.895000	0.000000
-8.890000	0.000000
-8.885000	0.000000
-8.880000	0.000000
-8.875000	0.000000
-8.870000	0.000000
-8.865000	0.000000
-8.860000	0.000000
-8.855000	0.000000
-8.850000	0.000000
-8.845000	0.000000
-8.840000	0.000000
-8.835000	0.000000
-8.830000	0.000000
-8.825000	0.000000
-8.820000	0.000000
-8.815000	0.000000
-8.810000	0.000000
-8.805000	0.000000
-8.800000	0.000000
-8.795000	0.000000
-8.790000	0.000000
-8.785000	0.000000
-8.780000	0.000000
-8.775000	0.000000
-8.770000	0.000000
-8.765000	0.000000
-8.760000	0.000000
-8.755000	0.000000
-8.750000	0.000000
-8.745000	0.000000
-8.740000	0.000000
-8.735000	0.000000
-8.730000	0.000000
-8.725000	0.000000
-8.720000	0.000000
-8.715000	0.000000
-8.710000	0.000000
-8.705000	0.000000
-8.700000	0.000000
-8.695000	0.000000
-8.690000	0.000000
-8.685000	0.000000
-8.680000	0.000000
-8.675000	0.000000
-8.670000	0.000000
-8.665000	0.000000
-8.660000	0.000000
-8.655000	0.000000
-8.650000	0.000000
-8.645000	0.000000
-8.640000	0.000000
-8.635000	0.000000
-8.630000	0.000000
-8.625000	0.000000
-8.620000	0.000000
-8.615000	0.000000
-8.610000	0.000000
-8.605000	0.000000
-8.600000	0.000000
-8.595000	0.000000
-8.590000	0.000000
-8.585000	0.000000
-8.580000	0.000000
-8.575000	0.000000
-8.570000	0.000000
-8.565000	0.000000
-8.560000	0.000000
-8.555000	0.000000
-8.550000	0.000000
-8.545000	0.000000
-8.540000	0.000000
-8.535000	0.000000
-8.530000	0.000000
-8.525000	0.000000
-8.520000	0.000000
-8.515000	0.000000
-8.510000	0.000000
-8.505000	0.000000
-8.500000	0.000000
-8.495000	0.000000
-8.490000	0.000000
-8.485000	0.000000
-8.480000	0.000000
-8.475000	0.000000
-8.470000	0.000000
-8.465000	0.000000
-8.460000	0.000000
-8.455000	0.000000
-8.450000	0.000000
-8.445000	0.000000
-8.440000	0.000000
-8.435000	0.000000
-8.430000	0.000000
-8.425000	0.000000
-8.420000	0.000000
-8.415000	0.000000
-8.410000	0.000000
-8.405000	0.000000
-8.400000	0.000000
-8.395000	0.000000
-8.390000	0.000000
-8.385000	0.000000
-8.380000	0.000000
-8.375000	0.000000
-8.370000	0.000000
-8.365000	0.000000
-8.360000	0.000000
-8.355000	0.000000
-8.350000	0.000000
-8.345000	0.000000
-8.340000	0.000000
-8.335000	0.000000
-8.330000	0.000000
-8.325000	0.000000
-8.320000	0.000000
-8.315000	0.000000
-8.310000	0.000000
-8.305000	0.000000
-8.300000	0.000000
-8.295000	0.000000
-8.290000	0.000000
-8.285000	0.000000
-8.280000	0.000000
-8.275000	0.000000
-8.270000	0.000000
-8.265000	0.000000
-8.260000	0.000000
-8.255000	0.000000
-8.250000	0.000000
-8.245000	0.000000
-8.240000	0.000000
-8.235000	0.000000
-8.230000	0.000000
-8.225000	0.000000
-8.220000	0.000000
-8.215000	0.000000
-8.210000	0.000000
-8.205000	0.000000
-8.200000	0.000000
-8.195000	0.000000
-8.190000	0.000000
-8.185000	0.000000
-8.180000	0.000000
-8.175000	0.000000
-8.170000	0.000000
-8.165000	0.000000
-8.160000	0.000000
-8.155000	0.000000
-8.150000	0.000000
-8.145000	0.000000
-8.140000	0.000000
-8.135000	0.000000
-8.130000	0.000000
-8.125000	0.000000
-8.120000	0.000000
-8.115000	0.000000
-8.110000	0.000000
-8.105000	0.000000
-8.100000	0.000000
-8.095000	0.000000
-8.090000	0.000000
-8.085000	0.000000
-8.080000	0.000000
-8.075000	0.000000
-8.070000	0.000000
-8.065000	0.000000
-8.060000	0.000000
-8.055000	0.000000
-8.050000	0.000000
-8.045000	0.000000
-8.040000	0.000000
-8.035000	0.000000
-8.030000	0.000000
-8.025000	0.000000
-8.020000	0.000000
-8.015000	0.000000
-8.010000	0.000000
-8.005000	0.000000
-8.000000	0.000000
-7.995000	0.000000
-7.990000	0.000000
-7.985000	0.000000
-7.980000	0.000000
-7.975000	0.000000
-7.970000	0.000000
-7.965000	0.000000
-7.960000	0.000000
-7.955000	0.000000
-7.950000	0.000000
-7.945000	0.000000
-7.940000	0.000000
-7.935000	0.000000
-7.930000	0.000000
-7.925000	0.000000
-7.920000	0.000000
-7.915000	0.000000
-7.910000	0.000000
-7.905000	0.000000
-7.900000	0.000000
-7.895000	0.000000
-7.890000	0.000000
-7.885000	0.000000
-7.880000	0.000000
-7.875000	0.000000
-7.870000	0.000000
-7.865000	0.000000
-7.860000	0.000000
-7.855000	0.000000
-7.850000	0.000000
-7.845000	0.000000
-7.840000	0.000000
-7.835000	0.000000
-7.830000	0.000000
-7.825000	0.000000
-7.820000	0.000000
-7.815000	0.000000
-7.810000	0.000000
-7.805000	0.000000
-7.800000	0.000000
-7.795000	0.000000
-7.790000	0.000000
-7.785000	0.000000
-7.780000	0.000000
-7.775000	0.000000
-7.770000	0.000000
-7.765000	0.000000
-7.760000	0.000000
-7.755000	0.000000
-7.750000	0.000000
-7.745000	0.000000
-7.740000	0.000000
-7.735000	0.000000
-7.730000	0.000000
-7.725000	0.000000
-7.720000	0.000000
-7.715000	0.000000
-7.710000	0.000000
-7.705000	0.000000
-7.700000	0.000000
-7.695000	0.000000
-7.690000	0.000000
-7.685000	0.000000
-7.680000	0.000000
-7.675000	0.000000
-7.670000	0.000000
-7.665000	0.000000
-7.660000	0.000000
-7.655000	0.000000
-7.650000	0.000000
-7.645000	0.000000
-7.640000	0.000000
-7.635000	0.000000
-7.630000	0.000000
-7.625000	0.000000
-7.620000	0.000000
-7.615000	0.000000
-7.610000	0.000000
-7.605000	0.000000
-7.600000	0.000000
-7.595000	0.000000
-7.590000	0.000000
-7.585000	0.000000
-7.580000	0.000000
-7.575000	0.000000
-7.570000	0.000000
-7.565000	0.000000
-7.560000	0.000000
-7.555000	0.000000
-7.550000	0.000000
-7.545000	0.000000
-7.540000	0.000000
-7.535000	0.000000
-7.530000	0.000000
-7.525000	0.000000
-7.520000	0.000000
-7.515000	0.000000
-7.510000	0.000000
-7.505000	0.000000
-7.500000	0.000000
-7.495000	0.000000
-7.490000	0.000000
-7.485000	0.000000
-7.480000	0.000000
-7.475000	0.000000
-7.470000	0.000000
-7.465000	0.000000
-7.460000	0.000000
-7.455000	0.000000
-7.450000	0.000000
-7.445000	0.000000
-7.440000	0.000000
-7.435000	0.000000
-7.430000	0.000000
-7.425000	0.000000
-7.420000	0.000000
-7.415000	0.000000
-7.410000	0.000000
-7.405000	0.000000
-7.400000	0.000000
-7.395000	0.000000
-7.390000	0.000000
-7.385000	0.000000
-7.380000	0.000000
-7.375000	0.000000
-7.370000	0.000000
-7.365000	0.000000
-7.360000	0.000000
-7.355000	0.000000
-7.350000	0.000000
-7.345000	0.000000
-7.340000	0.000000
-7.335000	0.000000
-7.330000	0.000000
-7.325000	0.000000
-7.320000	0.000000
-7.315000	0.000000
-7.310000	0.000000
-7.305000	0.000000
-7.300000	0.000000
-7.295000	0.000000
-7.290000	0.000000
-7.285000	0.000000
-7.280000	0.000000
-7.275000	0.000000
-7.270000	0.000000
-7.265000	0.000000
-7.260000	0.000000
-7.255000	0.000000
-7.250000	0.000000
-7.245000	0.000000
-7.240000	0.000000
-7.235000	0.000000
-7.230000	0.000000
-7.225000	0.000000
-7.220000	0.000000
-7.215000	0.000000
-7.210000	0.000000
-7.205000	0.000000
-7.200000	0.000000
-7.195000	0.000000
-7.190000	0.000000
-7.185000	0.000000
-7.180000	0.000000
-7.175000	0.000000
-7.170000	0.000000
-7.165000	0.000000
-7.160000	0.000000
-7.155000	0.000000
-7.150000	0.000000
-7.145000	0.000000
-7.140000	0.000000
-7.135000	0.000000
-7.130000	0.000000
-7.125000	0.000000
-7.120000	0.000000
-7.115000	0.000000
-7.110000	0.000000
-7.105000	0.000000
-7.100000	0.000000
-7.095000	0.000000
-7.090000	0.000000
-7.085000	0.000000
-7.080000	0.000000
-7.075000	0.000000
-7.070000	0.000000
-7.065000	0.000000
-7.060000	0.000000
-7.055000	0.000000
-7.050000	0.000000
-7.045000	0.000000
-7.040000	0.000000
-7.035000	0.000000
-7.030000	0.000000
-7.025000	0.000000
-7.020000	0.000000
-7.015000	0.000000
-7.010000	0.000000
-7.005000	0.000000
-7.000000	0.000000
-6.995000	0.000000
-6.990000	0.000000
-6.985000	0.000000
-6.980000	0.000000
-6.975000	0.000000
-6.970000	0.000000
-6.965000	0.000000
-6.960000	0.000000
-6.955000	0.000000
-6.950000	0.000000
-6.945000	0.000000
-6.940000	0.000000
-6.935000	0.000000
-6.930000	0.000000
-6.925000	0.000000
-6.920000	0.000000
-6.915000	0.000000
-6.910000	0.000000
-6.905000	0.000000
-6.900000	0.000000
-6.895000	0.000000
-6.890000	0.000000
-6.885000	0.000000
-6.880000	0.000000
-6.875000	0.000000
-6.870000	0.000000
-6.865000	0.000000
-6.860000	0.000000
-6.855000	0.000000
-6.850000	0.000000
-6.845000	0.000000
-6.840000	0.000000
-6.835000	0.000000
-6.830000	0.000000
-6.825000	0.000000
-6.820000	0.000000
-6.815000	0.000000
-6.810000	0.000000
-6.805000	0.000000
-6.800000	0.000000
-6.795000	0.000000
-6.790000	0.000000
-6.785000	0.000000
-6.780000	0.000000
-6.775000	0.000000
-6.770000	0.000000
-6.765000	0.000000
-6.760000	0.000000
-6.755000	0.000000
-6.750000	0.000000
-6.745000	0.000000
-6.740000	0.000000
-6.735000	0.000000
-6.730000	0.000000
-6.725000	0.000000
-6.720000	0.000000
-6.715000	0.000000
-6.710000	0.000000
-6.705000	0.000000
-6.700000	0.000000
-6.695000	0.000000
-6.690000	0.000000
-6.685000	0.000000
-6.680000	0.000000
-6.675000	0.000000
-6.670000	0.000000
-6.665000	0.000000
-6.660000	0.000000
-6.655000	0.000000
-6.650000	0.000000
-6.645000	0.000000
-6.640000	0.000000
-6.635000	0.000000
-6.630000	0.000000
-6.625000	0.000000
-6.620000	0.000000
-6.615000	0.000000
-6.610000	0.000000
-6.605000	0.000000
-6.600000	0.000000
-6.595000	0.000000
-6.590000	0.000000
-6.585000	0.000000
-6.580000	0.000000
-6.575000	0.000000
-6.570000	0.000000
-6.565000	0.000000
-6.560000	0.000000
-6.555000	0.000000
-6.550000	0.000000
-6.545000	0.000000
-6.540000	0.000000
-6.535000	0.000000
-6.530000	0.000000
-6.525000	0.000000
-6.520000	0.000000
-6.515000	0.000000
-6.510000	0.000000
-6.505000	0.000000
-6.500000	0.000000
-6.495000	0.000000
-6.490000	0.000000
-6.485000	0.000000
-6.480000	0.000000
-6.475000	0.000000
-6.470000	0.000000
-6.465000	0.000000
-6.460000	0.000000
-6.455000	0.000000
-6.450000	0.000000
-6.445000	0.000000
-6.440000	0.000000
-6.435000	0.000000
-6.430000	0.000000
-6.425000	0.000000
-6.420000	0.000000
-6.415000	0.000000
-6.410000	0.000000
-6.405000	0.000000
-6.400000	0.000000
-6.395000	0.000000
-6.390000	0.000000
-6.385000	0.000000
-6.380000	0.000000
-6.375000	0.000000
-6.370000	0.000000
-6.365000	0.000000
-6.360000	0.000000
-6.355000	0.000000
-6.350000	0.000000
-6.345000	0.000000
-6.340000	0.000000
-6.335000	0.000000
-6.330000	0.000000
-6.325000	0.000000
-6.320000	0.000000
-6.315000	0.000000
-6.310000	0.000000
-6.305000	0.000000
-6.300000	0.000000
-6.295000	0.000000
-6.290000	0.000000
-6.285000	0.000000
-6.280000	0.000000
-6.275000	0.000000
-6.270000	0.000000
-6.265000	0.000000
-6.260000	0.000000
-6.255000	0.000000
-6.250000	0.000000
-6.245000	0.000000
-6.240000	0.000000
-6.235000	0.000000
-6.230000	0.000000
-6.225000	0.000000
-6.220000	0.000000
-6.215000	0.000000
-6.210000	0.000000
-6.205000	0.000000
-6.200000	0.000000
-6.195000	0.000000
-6.190000	0.000000
-6.185000	0.000000
-6.180000	0.000000
-6.175000	0.000000
-6.170000	0.000000
-6.165000	0.000000
-6.160000	0.000000
-6.155000	0.000000
-6.150000	0.000000
-6.145000	0.000000
-6.140000	0.000000
-6.135000	0.000000
-6.130000	0.000000
-6.125000	0.000000
-6.120000	0.000000
-6.115000	0.000000
-6.110000	0.000000
-6.105000	0.000000
-6.100000	0.000000
-6.095000	0.000000
-6.090000	0.000000
-6.085000	0.000000
-6.080000	0.000000
-6.075000	0.000000
-6.070000	0.000000
-6.065000	0.000000
-6.060000	0.000000
-6.055000	0.000000
-6.050000	0.000000
-6.045000	0.000000
-6.040000	0.000000
-6.035000	0.000000
-6.030000	0.000000
-6.025000	0.000000
-6.020000	0.000000
-6.015000	0.000000
-6.010000	0.000000
-6.005000	0.000000
-6.000000	0.000000
-5.995000	0.000000
-5.990000	0.000000
-5.985000	0.000000
-5.980000	0.000000
-5.975000	0.000000
-5.970000	0.000000
-5.965000	0.000000
-5.960000	0.000000
-5.955000	0.000000
-5.950000	0.000000
-5.945000	0.000000
-5.940000	0.000000
-5.935000	0.000000
-5.930000	0.000000
-5.925000	0.000000
-5.920000	0.000000
-5.915000	0.000000
-5.910000	0.000000
-5.905000	0.000000
-5.900000	0.000000
-5.895000	0.000000
-5.890000	0.000000
-5.885000	0.000000
-5.880000	0.000000
-5.875000	0.000000
-5.870000	0.000000
-5.865000	0.000000
-5.860000	0.000000
-5.855000	0.000000
-5.850000	0.000000
-5.845000	0.000000
-5.840000	0.000000
-5.835000	0.000000
-5.830000	0.000000
-5.825000	0.000000
-5.820000	0.000000
-5.815000	0.000000
-5.810000	0.000000
-5.805000	0.000000
-5.800000	0.000000
-5.795000	0.000000
-5.790000	0.000000
-5.785000	0.000000
-5.780000	0.000000
-5.775000	0.000000
-5.770000	0.000000
-5.765000	0.000000
-5.760000	0.000000
-5.755000	0.000000
-5.750000	0.000000
-5.745000	0.000000
-5.740000	0.000000
-5.735000	0.000000
-5.730000	0.000000
-5.725000	0.000000
-5.720000	0.000000
-5.715000	0.000000
-5.710000	0.000000
-5.705000	0.000000
-5.700000	0.000000
-5.695000	0.000000
-5.690000	0.000000
-5.685000	0.000000
-5.680000	0.000000
-5.675000	0.000000
-5.670000	0.000000
-5.665000	0.000000
-5.660000	0.000000
-5.655000	0.000000
-5.650000	0.000000
-5.645000	0.000000
-5.640000	0.000000
-5.635000	0.000000
-5.630000	0.000000
-5.625000	0.000000
-5.620000	0.000000
-5.615000	0.000000
-5.610000	0.000000
-5.605000	0.000000
-5.600000	0.000000
-5.595000	0.000000
-5.590000	0.000000
-5.585000	0.000000
-5.580000	0.000000
-5.575000	0.000000
-5.570000	0.000000
-5.565000	0.000000
-5.560000	0.000000
-5.555000	0.000000
-5.550000	0.000000
-5.545000	0.000000
-5.540000	0.000000
-5.535000	0.000000
-5.530000	0.000000
-5.525000	0.000000
-5.520000	0.000000
-5.515000	0.000000
-5.510000	0.000000
-5.505000	0.000000
-5.500000	0.000000
-5.495000	0.000000
-5.490000	0.000000
-5.485000	0.000000
-5.480000	0.000001
-5.475000	0.000001
-5.470000	0.000001
-5.465000	0.000001
-5.460000	0.000001
-5.455000	0.000001
-5.450000	0.000001
-5.445000	0.000001
-5.440000	0.000001
-5.435000	0.000001
-5.430000	0.000001
-5.425000	0.000001
-5.420000	0.000001
-5.415000	0.000002
-5.410000	0.000002
-5.405000	0.000002
-5.400000	0.000002
-5.395000	0.000002
-5.390000	0.000002
-5.385000	0.000002
-5.380000	0.000003
-5.375000	0.000003
-5.370000	0.000003
-5.365000	0.000003
-5.360000	0.000003
-5.355000	0.000004
-5.350000	0.000004
-5.345000	0.000004
-5.340000	0.000004
-5.335000	0.000004
-5.330000	0.000005
-5.325000	0.000005
-5.320000	0.000005
-5.315000	0.000005
-5.310000	0.000005
-5.305000	0.000006
-5.300000	0.000006
-5.295000	0.000006
-5.290000	0.000006
-5.285000	0.000006
-5.280000	0.000007
-5.275000	0.000007
-5.270000	0.000007
-5.265000	0.000007
-5.260000	0.000007
-5.255000	0.000008
-5.250000	0.000008
-5.245000	0.000008
-5.240000	0.000008
-5.235000	0.000008
-5.230000	0.000009
-5.225000	0.000009
-5.220000	0.000009
-5.215000	0.000009
-5.210000	0.000009
-5.205000	0.000009
-5.200000	0.000009
-5.195000	0.000009
-5.190000	0.000010
-5.185000	0.000010
-5.180000	0.000010
-5.175000	0.000010
-5.170000	0.000010
-5.165000	0.000010
-5.160000	0.000010
-5.155000	0.000010
-5.150000	0.000010
-5.145000	0.000010
-5.140000	0.000010
-5.135000	0.000010
-5.130000	0.000010
-5.125000	0.000010
-5.120000	0.000010
-5.115000	0.000010
-5.110000	0.000010
-5.105000	0.000010
-5.100000	0.000011
-5.095000	0.000011
-5.090000	0.000011
-5.085000	0.000011
-5.080000	0.000011
-5.075000	0.000011
-5.070000	0.000011
-5.065000	0.000011
-5.060000	0.000011
-5.055000	0.000011
-5.050000	0.000011
-5.045000	0.000011
-5.040000	0.000011
-5.035000	0.000011
-5.030000	0.000011
-5.025000	0.000011
-5.020000	0.000011
-5.015000	0.000011
-5.010000	0.000011
-5.005000	0.000011
-5.000000	0.000011
-4.995000	0.000011
-4.990000	0.000011
-4.985000	0.000011
-4.980000	0.000011
-4.975000	0.000011
-4.970000	0.000011
-4.965000	0.000011
-4.960000	0.000011
-4.955000	0.000011
-4.950000	0.000011
-4.945000	0.000011
-4.940000	0.000011
-4.935000	0.000011
-4.930000	0.000011
-4.925000	0.000011
-4.920000	0.000011
-4.915000	0.000011
-4.910000	0.000011
-4.905000	0.000011
-4.900000	0.000011
-4.895000	0.000011
-4.890000	0.000011
-4.885000	0.000011
-4.880000	0.000011
-4.875000	0.000011
-4.870000	0.000011
-4.865000	0.000011
-4.860000	0.000011
-4.855000	0.000011
-4.850000	0.000011
-4.845000	0.000011
-4.840000	0.000011
-4.835000	0.000011
-4.830000	0.000011
-4.825000	0.000011
-4.820000	0.000011
-4.815000	0.000011
-4.810000	0.000011
-4.805000	0.000011
-4.800000	0.000011
-4.795000	0.000011
-4.790000	0.000011
-4.785000	0.000011
-4.780000	0.000011
-4.775000	0.000011
-4.770000	0.000011
-4.765000	0.000011
-4.760000	0.000011
-4.755000	0.000011
-4.750000	0.000011
-4.745000	0.000011
-4.740000	0.000011
-4.735000	0.000011
-4.730000	0.000011
-4.725000	0.000011
-4.720000	0.000011
-4.715000	0.000011
-4.710000	0.000011
-4.705000	0.000011
-4.700000	0.000011
-4.695000	0.000011
-4.690000	0.000011
-4.685000	0.000011
-4.680000	0.000011
-4.675000	0.000011
-4.670000	0.000011
-4.665000	0.000011
-4.660000	0.000011
-4.655000	0.000011
-4.650000	0.000011
-4.645000	0.000011
-4.640000	0.000011
-4.635000	0.000011
-4.630000	0.000011
-4.625000	0.000011
-4.620000	0.000011
-4.615000	0.000011
-4.610000	0.000011
-4.605000	0.000011
-4.600000	0.000011
-4.595000	0.000011
-4.590000	0.000011
-4.585000	0.000011
-4.580000	0.000011
-4.575000	0.000011
-4.570000	0.000011
-4.565000	0.000011
-4.560000	0.000011
-4.555000	0.000011
-4.550000	0.000011
-4.545000	0.000011
-4.540000	0.000011
-4.535000	0.000011
-4.530000	0.000011
-4.525000	0.000011
-4.520000	0.000011
-4.515000	0.000011
-4.510000	0.000011
-4.505000	0.000011
-4.500000	0.000011
-4.495000	0.000011
-4.490000	0.000011
-4.485000	0.000011
-4.480000	0.000011
-4.475000	0.000011
-4.470000	0.000011
-4.465000	0.000011
-4.460000	0.000011
-4.455000	0.000011
-4.450000	0.000011
-4.445000	0.000011
-4.440000	0.000011
-4.435000	0.000011
-4.430000	0.000011
-4.425000	0.000011
-4.420000	0.000011
-4.415000	0.000011
-4.410000	0.000011
-4.405000	0.000011
-4.400000	0.000011
-4.395000	0.000011
-4.390000	0.000011
-4.385000	0.000011
-4.380000	0.000011
-4.375000	0.000011
-4.370000	0.000011
-4.365000	0.000011
-4.360000	0.000011
-4.355000	0.000011
-4.350000	0.000011
-4.345000	0.000011
-4.340000	0.000011
-4.335000	0.000011
-4.330000	0.000011
-4.325000	0.000011
-4.320000	0.000011
-4.315000	0.000011
-4.310000	0.000011
-4.305000	0.000011
-4.300000	0.000011
-4.295000	0.000011
-4.290000	0.000011
-4.285000	0.000011
-4.280000	0.000011
-4.275000	0.000011
-4.270000	0.000011
-4.265000	0.000011
-4.260000	0.000011
-4.255000	0.000011
-4.250000	0.000011
-4.245000	0.000011
-4.240000	0.000011
-4.235000	0.000012
-4.230000	0.000012
-4.225000	0.000012
-4.220000	0.000012
-4.215000	0.000013
-4.210000	0.000013
-4.205000	0.000013
-4.200000	0.000014
-4.195000	0.000014
-4.190000	0.000014
-4.185000	0.000015
-4.180000	0.000016
-4.175000	0.000016
-4.170000	0.000017
-4.165000	0.000018
-4.160000	0.000018
-4.155000	0.000019
-4.150000	0.000020
-4.145000	0.000021
-4.140000	0.000022
-4.135000	0.000024
-4.130000	0.000025
-4.125000	0.000026
-4.120000	0.000028
-4.115000	0.000029
-4.110000	0.000031
-4.105000	0.000033
-4.100000	0.000035
-4.095000	0.000037
-4.090000	0.000039
-4.085000	0.000041
-4.080000	0.000043
-4.075000	0.000045
-4.070000	0.000048
-4.065000	0.000050
-4.060000	0.000053
-4.055000	0.000055
-4.050000	0.000058
-4.045000	0.000061
-4.040000	0.000064
-4.035000	0.000067
-4.030000	0.000070
-4.025000	0.000073
-4.020000	0.000076
-4.015000	0.000079
-4.010000	0.000082
-4.005000	0.000086
-4.000000	0.000089
-3.995000	0.000092
-3.990000	0.000096
-3.985000	0.000099
-3.980000	0.000102
-3.975000	0.000106
-3.970000	0.000109
-3.965000	0.000112
-3.960000	0.000116
-3.955000	0.000119
-3.950000	0.000122
-3.945000	0.000125
-3.940000	0.000128
-3.935000	0.000131
-3.930000	0.000134
-3.925000	0.000137
-3.920000	0.000140
-3.915000	0.000143
-3.910000	0.000146
-3.905000	0.000148
-3.900000	0.000151
-3.895000	0.000153
-3.890000	0.000156
-3.885000	0.000158
-3.880000	0.000160
-3.875000	0.000162
-3.870000	0.000164
-3.865000	0.000166
-3.860000	0.000168
-3.855000	0.000170
-3.850000	0.000171
-3.845000	0.000173
-3.840000	0.000174
-3.835000	0.000176
-3.830000	0.000177
-3.825000	0.000178
-3.820000	0.000179
-3.815000	0.000180
-3.810000	0.000181
-3.805000	0.000182
-3.800000	0.000183
-3.795000	0.000184
-3.790000	0.000184
-3.785000	0.000185
-3.780000	0.000185
-3.775000	0.000186
-3.770000	0.000186
-3.765000	0.000187
-3.760000	0.000187
-3.755000	0.000187
-3.750000	0.000187
-3.745000	0.000188
-3.740000	0.000188
-3.735000	0.000188
-3.730000	0.000188
-3.725000	0.000188
-3.720000	0.000189
-3.715000	0.000189
-3.710000	0.000189
-3.705000	0.000189
-3.700000	0.000189
-3.695000	0.000189
-3.690000	0.000189
-3.685000	0.000189
-3.680000	0.000189
-3.675000	0.000189
-3.670000	0.000189
-3.665000	0.000189
-3.660000	0.000189
-3.655000	0.000189
-3.650000	0.000189
-3.645000	0.000189
-3.640000	0.000189
-3.635000	0.000189
-3.630000	0.000189
-3.625000	0.000189
-3.620000	0.000189
-3.615000	0.000189
-3.610000	0.000189
-3.605000	0.000189
-3.600000	0.000189
-3.595000	0.000189
-3.590000	0.000189
-3.585000	0.000189
-3.580000	0.000189
-3.575000	0.000189
-3.570000	0.000189
-3.565000	0.000189
-3.560000	0.000189
-3.555000	0.000189
-3.550000	0.000189
-3.545000	0.000189
-3.540000	0.000189
-3.535000	0.000189
-3.530000	0.000189
-3.525000	0.000189
-3.520000	0.000189
-3.515000	0.000189
-3.510000	0.000189
-3.505000	0.000189
-3.500000	0.000189
-3.495000	0.000189
-3.490000	0.000189
-3.485000	0.000189
-3.480000	0.000189
-3.475000	0.000189
-3.470000	0.000189
-3.465000	0.000189
-3.460000	0.000189
-3.455000	0.000189
-3.450000	0.000189
-3.445000	0.000189
-3.440000	0.000189
-3.435000	0.000189
-3.430000	0.000189
-3.425000	0.000189
-3.420000	0.000189
-3.415000	0.000189
-3.410000	0.000189
-3.405000	0.000189
-3.400000	0.000189
-3.395000	0.000189
-3.390000	0.000189
-3.385000	0.000189
-3.380000	0.000189
-3.375000	0.000189
-3.370000	0.000189
-3.365000	0.000189
-3.360000	0.000189
-3.355000	0.000189
-3.350000	0.000189
-3.345000	0.000189
-3.340000	0.000189
-3.335000	0.000189
-3.330000	0.000189
-3.325000	0.000189
-3.320000	0.000189
-3.315000	0.000189
-3.310000	0.000189
-3.305000	0.000189
-3.300000	0.000189
-3.295000	0.000189
-3.290000	0.000189
-3.285000	0.000189
-3.280000	0.000189
-3.275000	0.000189
-3.270000	0.000189
-3.265000	0.000189
-3.260000	0.000189
-3.255000	0.000189
-3.250000	0.000189
-3.245000	0.000189
-3.240000	0.000189
-3.235000	0.000189
-3.230000	0.000189
-3.225000	0.000189
-3.220000	0.000189
-3.215000	0.000189
-3.210000	0.000189
-3.205000	0.000189
-3.200000	0.000189
-3.195000	0.000189
-3.190000	0.000189
-3.185000	0.000189
-3.180000	0.000189
-3.175000	0.000189
-3.170000	0.000189
-3.165000	0.000189
-3.160000	0.000189
-3.155000	0.000189
-3.150000	0.000189
-3.145000	0.000189
-3.140000	0.000189
-3.135000	0.000189
-3.130000	0.000189
-3.125000	0.000189
-3.120000	0.000189
-3.115000	0.000189
-3.110000	0.000189
-3.105000	0.000189
-3.100000	0.000189
-3.095000	0.000189
-3.090000	0.000189
-3.085000	0.000189
-3.080000	0.000189
-3.075000	0.000189
-3.070000	0.000189
-3.065000	0.000189
-3.060000	0.000189
-3.055000	0.000189
-3.050000	0.000189
-3.045000	0.000189
-3.040000	0.000189
-3.035000	0.000189
-3.030000	0.000189
-3.025000	0.000189
-3.020000	0.000189
-3.015000	0.000189
-3.010000	0.000189
-3.005000	0.000189
-3.000000	0.000189
-2.995000	0.000189
-2.990000	0.000189
-2.985000	0.000190
-2.980000	0.000190
-2.975000	0.000190
-2.970000	0.000190
-2.965000	0.000190
-2.960000	0.000190
-2.955000	0.000191
-2.950000	0.000191
-2.945000	0.000192
-2.940000	0.000192
-2.935000	0.000193
-2.930000	0.000193
-2.925000	0.000194
-2.920000	0.000195
-2.915000	0.000196
-2.910000	0.000197
-2.905000	0.000198
-2.900000	0.000200
-2.895000	0.000201
-2.890000	0.000203
-2.885000	0.000205
-2.880000	0.000207
-2.875000	0.000210
-2.870000	0.000213
-2.865000	0.000216
-2.860000	0.000219
-2.855000	0.000223
-2.850000	0.000227
-2.845000	0.000231
-2.840000	0.000235
-2.835000	0.000240
-2.830000	0.000246
-2.825000	0.000252
-2.820000	0.000258
-2.815000	0.000264
-2.810000	0.000272
-2.805000	0.000279
-2.800000	0.000287
-2.795000	0.000295
-2.790000	0.000304
-2.785000	0.000314
-2.780000	0.000324
-2.775000	0.000334
-2.770000	0.000345
-2.765000	0.000356
-2.760000	0.000368
-2.755000	0.000380
-2.750000	0.000393
-2.745000	0.000406
-2.740000	0.000419
-2.735000	0.000433
-2.730000	0.000448
-2.725000	0.000463
-2.720000	0.000478
-2.715000	0.000493
-2.710000	0.000509
-2.705000	0.000525
-2.700000	0.000542
-2.695000	0.000559
-2.690000	0.000576
-2.685000	0.000593
-2.680000	0.000610
-2.675000	0.000628
-2.670000	0.000645
-2.665000	0.000663
-2.660000	0.000681
-2.655000	0.000699
-2.650000	0.000717
-2.645000	0.000735
-2.640000	0.000752
-2.635000	0.000770
-2.630000	0.000788
-2.625000	0.000805
-2.620000	0.000822
-2.615000	0.000839
-2.610000	0.000856
-2.605000	0.000872
-2.600000	0.000888
-2.595000	0.000904
-2.590000	0.000920
-2.585000	0.000935
-2.580000	0.000950
-2.575000	0.000964
-2.570000	0.000978
-2.565000	0.000991
-2.560000	0.001004
-2.555000	0.001017
-2.550000	0.001029
-2.545000	0.001041
-2.540000	0.001052
-2.535000	0.001063
-2.530000	0.001073
-2.525000	0.001083
-2.520000	0.001092
-2.515000	0.001100
-2.510000	0.001109
-2.505000	0.001117
-2.500000	0.001124
-2.495000	0.001131
-2.490000	0.001137
-2.485000	0.001143
-2.480000	0.001149
-2.475000	0.001154
-2.470000	0.001159
-2.465000	0.001163
-2.460000	0.001168
-2.455000	0.001171
-2.450000	0.001175
-2.445000	0.001178
-2.440000	0.001181
-2.435000	0.001183
-2.430000	0.001186
-2.425000	0.001188
-2.420000	0.001190
-2.415000	0.001191
-2.410000	0.001193
-2.405000	0.001194
-2.400000	0.001195
-2.395000	0.001196
-2.390000	0.001197
-2.385000	0.001198
-2.380000	0.001199
-2.375000	0.001199
-2.370000	0.001200
-2.365000	0.001200
-2.360000	0.001201
-2.355000	0.001201
-2.350000	0.001201
-2.345000	0.001201
-2.340000	0.001202
-2.335000	0.001202
-2.330000	0.001202
-2.325000	0.001202
-2.320000	0.001202
-2.315000	0.001202
-2.310000	0.001202
-2.305000	0.001202
-2.300000	0.001202
-2.295000	0.001202
-2.290000	0.001202
-2.285000	0.001202
-2.280000	0.001202
-2.275000	0.001202
-2.270000	0.001202
-2.265000	0.001202
-2.260000	0.001202
-2.255000	0.001202
-2.250000	0.001202
-2.245000	0.001202
-2.240000	0.001202
-2.235000	0.001202
-2.230000	0.001202
-2.225000	0.001202
-2.220000	0.001202
-2.215000	0.001202
-2.210000	0.001202
-2.205000	0.001202
-2.200000	0.001202
-2.195000	0.001202
-2.190000	0.001202
-2.185000	0.001202
-2.180000	0.001202
-2.175000	0.001202
-2.170000	0.001202
-2.165000	0.001202
-2.160000	0.001202
-2.155000	0.001202
-2.150000	0.001202
-2.145000	0.001202
-2.140000	0.001202
-2.135000	0.001202
-2.130000	0.001202
-2.125000	0.001202
-2.120000	0.001202
-2.115000	0.001202
-2.110000	0.001202
-2.105000	0.001202
-2.100000	0.001202
-2.095000	0.001202
-2.090000	0.001202
-2.085000	0.001202
-2.080000	0.001202
-2.075000	0.001202
-2.070000	0.001202
-2.065000	0.001202
-2.060000	0.001202
-2.055000	0.001202
-2.050000	0.001202
-2.045000	0.001202
-2.040000	0.001202
-2.035000	0.001202
-2.030000	0.001202
-2.025000	0.001202
-2.020000	0.001202
-2.015000	0.001202
-2.010000	0.001202
-2.005000	0.001202
-2.000000	0.001202
-1.995000	0.001202
-1.990000	0.001202
-1.985000	0.001202
-1.980000	0.001202
-1.975000	0.001202
-1.970000	0.001202
-1.965000	0.001202
-1.960000	0.001202
-1.955000	0.001202
-1.950000	0.001202
-1.945000	0.001202
-1.940000	0.001202
-1.935000	0.001202
-1.930000	0.001202
-1.925000	0.001202
-1.920000	0.001202
-1.915000	0.001202
-1.910000	0.001202
-1.905000	0.001202
-1.900000	0.001202
-1.895000	0.001202
-1.890000	0.001202
-1.885000	0.001202
-1.880000	0.001202
-1.875000	0.001202
-1.870000	0.001202
-1.865000	0.001202
-1.860000	0.001202
-1.855000	0.001202
-1.850000	0.001202
-1.845000	0.001202
-1.840000	0.001202
-1.835000	0.001202
-1.830000	0.001202
-1.825000	0.001202
-1.820000	0.001202
-1.815000	0.001202
-1.810000	0.001202
-1.805000	0.001202
-1.800000	0.001202
-1.795000	0.001202
-1.790000	0.001202
-1.785000	0.001202
-1.780000	0.001202
-1.775000	0.001202
-1.770000	0.001202
-1.765000	0.001202
-1.760000	0.001202
-1.755000	0.001202
-1.750000	0.001202
-1.745000	0.001202
-1.740000	0.001202
-1.735000	0.001202
-1.730000	0.001202
-1.725000	0.001202
-1.720000	0.001202
-1.715000	0.001202
-1.710000	0.001202
-1.705000	0.001202
-1.700000	0.001202
-1.695000	0.001203
-1.690000	0.001203
-1.685000	0.001203
-1.680000	0.001203
-1.675000	0.001203
-1.670000	0.001203
-1.665000	0.001203
-1.660000	0.001204
-1.655000	0.001204
-1.650000	0.001205
-1.645000	0.001205
-1.640000	0.001206
-1.635000	0.001207
-1.630000	0.001207
-1.625000	0.001208
-1.620000	0.001210
-1.615000	0.001211
-1.610000	0.001213
-1.605000	0.001215
-1.600000	0.001217
-1.595000	0.001219
-1.590000	0.001222
-1.585000	0.001225
-1.580000	0.001229
-1.575000	0.001233
-1.570000	0.001237
-1.565000	0.001242
-1.560000	0.001248
-1.555000	0.001254
-1.550000	0.001261
-1.545000	0.001268
-1.540000	0.001276
-1.535000	0.001285
-1.530000	0.001295
-1.525000	0.001305
-1.520000	0.001316
-1.515000	0.001328
-1.510000	0.001341
-1.505000	0.001355
-1.500000	0.001370
-1.495000	0.001386
-1.490000	0.001403
-1.485000	0.001422
-1.480000	0.001441
-1.475000	0.001461
-1.470000	0.001482
-1.465000	0.001505
-1.460000	0.001528
-1.455000	0.001553
-1.450000	0.001579
-1.445000	0.001606
-1.440000	0.001634
-1.435000	0.001664
-1.430000	0.001694
-1.425000	0.001726
-1.420000	0.001758
-1.415000	0.001792
-1.410000	0.001827
-1.405000	0.001862
-1.400000	0.001899
-1.395000	0.001936
-1.390000	0.001975
-1.385000	0.002014
-1.380000	0.002054
-1.375000	0.002094
-1.370000	0.002135
-1.365000	0.002177
-1.360000	0.002220
-1.355000	0.002262
-1.350000	0.002306
-1.345000	0.002349
-1.340000	0.002393
-1.335000	0.002437
-1.330000	0.002481
-1.325000	0.002525
-1.320000	0.002569
-1.315000	0.002613
-1.310000	0.002656
-1.305000	0.002700
-1.300000	0.002743
-1.295000	0.002786
-1.290000	0.002828
-1.285000	0.002870
-1.280000	0.002911
-1.275000	0.002951
-1.270000	0.002991
-1.265000	0.003030
-1.260000	0.003068
-1.255000	0.003106
-1.250000	0.003142
-1.245000	0.003178
-1.240000	0.003212
-1.235000	0.003246
-1.230000	0.003278
-1.225000	0.003310
-1.220000	0.003340
-1.215000	0.003369
-1.210000	0.003397
-1.205000	0.003424
-1.200000	0.003450
-1.195000	0.003474
-1.190000	0.003498
-1.185000	0.003520
-1.180000	0.003541
-1.175000	0.003561
-1.170000	0.003580
-1.165000	0.003598
-1.160000	0.003615
-1.155000	0.003631
-1.150000	0.003645
-1.145000	0.003659
-1.140000	0.003672
-1.135000	0.003684
-1.130000	0.003695
-1.125000	0.003705
-1.120000	0.003714
-1.115000	0.003723
-1.110000	0.003731
-1.105000	0.003738
-1.100000	0.003744
-1.095000	0.003750
-1.090000	0.003756
-1.085000	0.003760
-1.080000	0.003765
-1.075000	0.003769
-1.070000	0.003772
-1.065000	0.003775
-1.060000	0.003778
-1.055000	0.003780
-1.050000	0.003782
-1.045000	0.003784
-1.040000	0.003785
-1.035000	0.003787
-1.030000	0.003788
-1.025000	0.003789
-1.020000	0.003790
-1.015000	0.003790
-1.010000	0.003791
-1.005000	0.003792
-1.000000	0.003792
-0.995000	0.003792
-0.990000	0.003793
-0.985000	0.003793
-0.980000	0.003793
-0.975000	0.003793
-0.970000	0.003793
-0.965000	0.003793
-0.960000	0.003793
-0.955000	0.003793
-0.950000	0.003793
-0.945000	0.003793
-0.940000	0.003793
-0.935000	0.003793
-0.930000	0.003793
-0.925000	0.003793
-0.920000	0.003793
-0.915000	0.003793
-0.910000	0.003793
-0.905000	0.003793
-0.900000	0.003793
-0.895000	0.003793
-0.890000	0.003793
-0.885000	0.003793
-0.880000	0.003793
-0.875000	0.003793
-0.870000	0.003793
-0.865000	0.003793
-0.860000	0.003793
-0.855000	0.003793
-0.850000	0.003793
-0.845000	0.003793
-0.840000	0.003793
-0.835000	0.003793
-0.830000	0.003793
-0.825000	0.003793
-0.820000	0.003793
-0.815000	0.003793
-0.810000	0.003793
-0.805000	0.003793
-0.800000	0.003793
-0.795000	0.003793
-0.790000	0.003793
-0.785000	0.003793
-0.780000	0.003793
-0.775000	0.003793
-0.770000	0.003793
-0.765000	0.003793
-0.760000	0.003793
-0.755000	0.003793
-0.750000	0.003793
-0.745000	0.003793
-0.740000	0.003793
-0.735000	0.003793
-0.730000	0.003793
-0.725000	0.003793
-0.720000	0.003793
-0.715000	0.003793
-0.710000	0.003793
-0.705000	0.003793
-0.700000	0.003793
-0.695000	0.003793
-0.690000	0.003793
-0.685000	0.003793
-0.680000	0.003793
-0.675000	0.003793
-0.670000	0.003793
-0.665000	0.003793
-0.660000	0.003793
-0.655000	0.003793
-0.650000	0.003793
-0.645000	0.003793
-0.640000	0.003793
-0.635000	0.003793
-0.630000	0.003793
-0.625000	0.003793
-0.620000	0.003793
-0.615000	0.003793
-0.610000	0.003793
-0.605000	0.003793
-0.600000	0.003793
-0.595000	0.003793
-0.590000	0.003793
-0.585000	0.003793
-0.580000	0.003793
-0.575000	0.003793
-0.570000	0.003793
-0.565000	0.003793
-0.560000	0.003793
-0.555000	0.003793
-0.550000	0.003793
-0.545000	0.003793
-0.540000	0.003793
-0.535000	0.003793
-0.530000	0.003793
-0.525000	0.003793
-0.520000	0.003793
-0.515000	0.003793
-0.510000	0.003793
-0.505000	0.003793
-0.500000	0.003793
-0.495000	0.003793
-0.490000	0.003793
-0.485000	0.003793
-0.480000	0.003793
-0.475000	0.003793
-0.470000	0.003793
-0.465000	0.003793
-0.460000	0.003793
-0.455000	0.003793
-0.450000	0.003793
-0.445000	0.003793
-0.440000	0.003793
-0.435000	0.003793
-0.430000	0.003793
-0.425000	0.003793
-0.420000	0.003794
-0.415000	0.003794
-0.410000	0.003794
-0.405000	0.003794
-0.400000	0.003794
-0.395000	0.003794
-0.390000	0.003794
-0.385000	0.003794
-0.380000	0.003794
-0.375000	0.003794
-0.370000	0.003794
-0.365000	0.003794
-0.360000	0.003794
-0.355000	0.003794
-0.350000	0.003794
-0.345000	0.003795
-0.340000	0.003795
-0.335000	0.003795
-0.330000	0.003796
-0.325000	0.003796
-0.320000	0.003797
-0.315000	0.003798
-0.310000	0.003799
-0.305000	0.003800
-0.300000	0.003801
-0.295000	0.003803
-0.290000	0.003805
-0.285000	0.003807
-0.280000	0.003810
-0.275000	0.003812
-0.270000	0.003816
-0.265000	0.003819
-0.260000	0.003824
-0.255000	0.003828
-0.250000	0.003834
-0.245000	0.003839
-0.240000	0.003846
-0.235000	0.003853
-0.230000	0.003861
-0.225000	0.003870
-0.220000	0.003880
-0.215000	0.003890
-0.210000	0.003902
-0.205000	0.003915
-0.200000	0.003928
-0.195000	0.003943
-0.190000	0.003959
-0.185000	0.003976
-0.180000	0.003994
-0.175000	0.004014
-0.170000	0.004035
-0.165000	0.004057
-0.160000	0.004081
-0.155000	0.004106
-0.150000	0.004133
-0.145000	0.004161
-0.140000	0.004190
-0.135000	0.004222
-0.130000	0.004254
-0.125000	0.004288
-0.120000	0.004324
-0.115000	0.004361
-0.110000	0.004399
-0.105000	0.004439
-0.100000	0.004481
-0.095000	0.004524
-0.090000	0.004568
-0.085000	0.004613
-0.080000	0.004660
-0.075000	0.004708
-0.070000	0.004758
-0.065000	0.004808
-0.060000	0.004860
-0.055000	0.004912
-0.050000	0.004966
-0.045000	0.005020
-0.040000	0.005075
-0.035000	0.005131
-0.030000	0.005188
-0.025000	0.005245
-0.020000	0.005302
-0.015000	0.005360
-0.010000	0.005418
-0.005000	0.005476
0.000000	0.005535
0.005000	0.005593
0.010000	0.005652
0.015000	0.005710
0.020000	0.005768
0.025000	0.005825
0.030000	0.005882
0.035000	0.005939
0.040000	0.005994
0.045000	0.006050
0.050000	0.006104
0.055000	0.006157
0.060000	0.006210
0.065000	0.006261
0.070000	0.006312
0.075000	0.006361
0.080000	0.006409
0.085000	0.006456
0.090000	0.006501
0.095000	0.006545
0.100000	0.006588
0.105000	0.006629
0.110000	0.006669
0.115000	0.006708
0.120000	0.006745
0.125000	0.006780
0.130000	0.006814
0.135000	0.006847
0.140000	0.006878
0.145000	0.006907
0.150000	0.006935
0.155000	0.006962
0.160000	0.006987
0.165000	0.007010
0.170000	0.007033
0.175000	0.007054
0.180000	0.007073
0.185000	0.007091
0.190000	0.007108
0.195000	0.007124
0.200000	0.007139
0.205000	0.007153
0.210000	0.007165
0.215000	0.007177
0.220000	0.007187
0.225000	0.007197
0.230000	0.007206
0.235000	0.007214
0.240000	0.007221
0.245000	0.007228
0.250000	0.007233
0.255000	0.007239
0.260000	0.007243
0.265000	0.007247
0.270000	0.007251
0.275000	0.007254
0.280000	0.007257
0.285000	0.007260
0.290000	0.007262
0.295000	0.007264
0.300000	0.007265
0.305000	0.007267
0.310000	0.007268
0.315000	0.007269
0.320000	0.007270
0.325000	0.007270
0.330000	0.007271
0.335000	0.007271
0.340000	0.007272
0.345000	0.007272
0.350000	0.007272
0.355000	0.007273
0.360000	0.007273
0.365000	0.007273
0.370000	0.007273
0.375000	0.007273
0.380000	0.007273
0.385000	0.007273
0.390000	0.007273
0.395000	0.007273
0.400000	0.007273
0.405000	0.007273
0.410000	0.007273
0.415000	0.007273
0.420000	0.007273
0.425000	0.007273
0.430000	0.007273
0.435000	0.007273
0.440000	0.007273
0.445000	0.007273
0.450000	0.007273
0.455000	0.007273
0.460000	0.007273
0.465000	0.007273
0.470000	0.007273
0.475000	0.007273
0.480000	0.007273
0.485000	0.007273
0.490000	0.007273
0.495000	0.007273
0.500000	0.007273
0.505000	0.007273
0.510000	0.007273
0.515000	0.007273
0.520000	0.007273
0.525000	0.007273
0.530000	0.007273
0.535000	0.007273
0.540000	0.007273
0.545000	0.007273
0.550000	0.007273
0.555000	0.007273
0.560000	0.007273
0.565000	0.007273
0.570000	0.007273
0.575000	0.007273
0.580000	0.007273
0.585000	0.007273
0.590000	0.007273
0.595000	0.007273
0.600000	0.007273
0.605000	0.007273
0.610000	0.007273
0.615000	0.007273
0.620000	0.007273
0.625000	0.007273
0.630000	0.007273
0.635000	0.007273
0.640000	0.007273
0.645000	0.007273
0.650000	0.007273
0.655000	0.007273
0.660000	0.007273
0.665000	0.007273
0.670000	0.007273
0.675000	0.007273
0.680000	0.007273
0.685000	0.007273
0.690000	0.007273
0.695000	0.007273
0.700000	0.007273
0.705000	0.007273
0.710000	0.007273
0.715000	0.007273
0.720000	0.007273
0.725000	0.007273
0.730000	0.007273
0.735000	0.007273
0.740000	0.007273
0.745000	0.007273
0.750000	0.007273
0.755000	0.007273
0.760000	0.007273
0.765000	0.007273
0.770000	0.007273
0.775000	0.007273
0.780000	0.007273
0.785000	0.007273
0.790000	0.007273
0.795000	0.007273
0.800000	0.007273
0.805000	0.007273
0.810000	0.007273
0.815000	0.007273
0.820000	0.007273
0.825000	0.007273
0.830000	0.007273
0.835000	0.007273
0.840000	0.007273
0.845000	0.007273
0.850000	0.007273
0.855000	0.007273
0.860000	0.007273
0.865000	0.007273
0.870000	0.007273
0.875000	0.007273
0.880000	0.007273
0.885000	0.007273
0.890000	0.007273
0.895000	0.007273
0.900000	0.007273
0.905000	0.007273
0.910000	0.007273
0.915000	0.007273
0.920000	0.007273
0.925000	0.007273
0.930000	0.007273
0.935000	0.007273
0.940000	0.007273
0.945000	0.007273
0.950000	0.007273
0.955000	0.007273
0.960000	0.007273
0.965000	0.007274
0.970000	0.007274
0.975000	0.007274
0.980000	0.007274
0.985000	0.007274
0.990000	0.007274
0.995000	0.007275
1.000000	0.007275
1.005000	0.007275
1.010000	0.007276
1.015000	0.007276
1.020000	0.007277
1.025000	0.007278
1.030000	0.007279
1.035000	0.007280
1.040000	0.007281
1.045000	0.007283
1.050000	0.007285
1.055000	0.007287
1.060000	0.007289
1.065000	0.007292
1.070000	0.007295
1.075000	0.007298
1.080000	0.007302
1.085000	0.007306
1.090000	0.007311
1.095000	0.007316
1.100000	0.007322
1.105000	0.007329
1.110000	0.007336
1.115000	0.007344
1.120000	0.007352
1.125000	0.007362
1.130000	0.007372
1.135000	0.007383
1.140000	0.007395
1.145000	0.007407
1.150000	0.007421
1.155000	0.007436
1.160000	0.007451
1.165000	0.007468
1.170000	0.007486
1.175000	0.007505
1.180000	0.007525
1.185000	0.007546
1.190000	0.007568
1.195000	0.007591
1.200000	0.007616
1.205000	0.007641
1.210000	0.007668
1.215000	0.007696
1.220000	0.007725
1.225000	0.007755
1.230000	0.007787
1.235000	0.007819
1.240000	0.007852
1.245000	0.007887
1.250000	0.007922
1.255000	0.007958
1.260000	0.007995
1.265000	0.008033
1.270000	0.008072
1.275000	0.008112
1.280000	0.008152
1.285000	0.008193
1.290000	0.008235
1.295000	0.008277
1.300000	0.008319
1.305000	0.008362
1.310000	0.008405
1.315000	0.008449
1.320000	0.008492
1.325000	0.008536
1.330000	0.008580
1.335000	0.008624
1.340000	0.008667
1.345000	0.008711
1.350000	0.008754
1.355000	0.008797
1.360000	0.008839
1.365000	0.008881
1.370000	0.008923
1.375000	0.008964
1.380000	0.009004
1.385000	0.009044
1.390000	0.009082
1.395000	0.009121
1.400000	0.009158
1.405000	0.009194
1.410000	0.009229
1.415000	0.009264
1.420000	0.009297
1.425000	0.009330
1.430000	0.009361
1.435000	0.009391
1.440000	0.009420
1.445000	0.009448
1.450000	0.009475
1.455000	0.009501
1.460000	0.009525
1.465000	0.009549
1.470000	0.009571
1.475000	0.009592
1.480000	0.009612
1.485000	0.009631
1.490000	0.009649
1.495000	0.009666
1.500000	0.009682
1.505000	0.009697
1.510000	0.009711
1.515000	0.009724
1.520000	0.009736
1.525000	0.009747
1.530000	0.009757
1.535000	0.009767
1.540000	0.009775
1.545000	0.009783
1.550000	0.009791
1.555000	0.009797
1.560000	0.009803
1.565000	0.009809
1.570000	0.009814
1.575000	0.009818
1.580000	0.009822
1.585000	0.009826
1.590000	0.009829
1.595000	0.009832
1.600000	0.009834
1.605000	0.009836
1.610000	0.009838
1.615000	0.009840
1.620000	0.009841
1.625000	0.009843
1.630000	0.009844
1.635000	0.009845
1.640000	0.009845
1.645000	0.009846
1.650000	0.009846
1.655000	0.009847
1.660000	0.009847
1.665000	0.009848
1.670000	0.009848
1.675000	0.009848
1.680000	0.009848
1.685000	0.009848
1.690000	0.009848
1.695000	0.009849
1.700000	0.009849
1.705000	0.009849
1.710000	0.009849
1.715000	0.009849
1.720000	0.009849
1.725000	0.009849
1.730000	0.009849
1.735000	0.009849
1.740000	0.009849
1.745000	0.009849
1.750000	0.009849
1.755000	0.009849
1.760000	0.009849
1.765000	0.009849
1.770000	0.009849
1.775000	0.009849
1.780000	0.009849
1.785000	0.009849
1.790000	0.009849
1.795000	0.009849
1.800000	0.009849
1.805000	0.009849
1.810000	0.009849
1.815000	0.009849
1.820000	0.009849
1.825000	0.009849
1.830000	0.009849
1.835000	0.009849
1.840000	0.009849
1.845000	0.009849
1.850000	0.009849
1.855000	0.009849
1.860000	0.009849
1.865000	0.009849
1.870000	0.009849
1.875000	0.009849
1.880000	0.009849
1.885000	0.009849
1.890000	0.009849
1.895000	0.009849
1.900000	0.009849
1.905000	0.009849
1.910000	0.009849
1.915000	0.009849
1.920000	0.009849
1.925000	0.009849
1.930000	0.009849
1.935000	0.009849
1.940000	0.009849
1.945000	0.009849
1.950000	0.009849
1.955000	0.009849
1.960000	0.009849
1.965000	0.009849
1.970000	0.009849
1.975000	0.009849
1.980000	0.009849
1.985000	0.009849
1.990000	0.009849
1.995000	0.009849
2.000000	0.009849
2.005000	0.009849
2.010000	0.009849
2.015000	0.009849
2.020000	0.009849
2.025000	0.009849
2.030000	0.009849
2.035000	0.009849
2.040000	0.009849
2.045000	0.009849
2.050000	0.009849
2.055000	0.009849
2.060000	0.009849
2.065000	0.009849
2.070000	0.009849
2.075000	0.009849
2.080000	0.009849
2.085000	0.009849
2.090000	0.009849
2.095000	0.009849
2.100000	0.009849
2.105000	0.009849
2.110000	0.009849
2.115000	0.009849
2.120000	0.009849
2.125000	0.009849
2.130000	0.009849
2.135000	0.009849
2.140000	0.009849
2.145000	0.009849
2.150000	0.009849
2.155000	0.009849
2.160000	0.009849
2.165000	0.009849
2.170000	0.009849
2.175000	0.009849
2.180000	0.009849
2.185000	0.009849
2.190000	0.009849
2.195000	0.009849
2.200000	0.009849
2.205000	0.009849
2.210000	0.009849
2.215000	0.009849
2.220000	0.009849
2.225000	0.009849
2.230000	0.009849
2.235000	0.009849
2.240000	0.009849
2.245000	0.009849
2.250000	0.009849
2.255000	0.009849
2.260000	0.009849
2.265000	0.009849
2.270000	0.009849
2.275000	0.009849
2.280000	0.009849
2.285000	0.009849
2.290000	0.009849
2.295000	0.009849
2.300000	0.009849
2.305000	0.009849
2.310000	0.009849
2.315000	0.009849
2.320000	0.009849
2.325000	0.009849
2.330000	0.009849
2.335000	0.009849
2.340000	0.009849
2.345000	0.009850
2.350000	0.009850
2.355000	0.009850
2.360000	0.009850
2.365000	0.009851
2.370000	0.009851
2.375000	0.009852
2.380000	0.009852
2.385000	0.009853
2.390000	0.009854
2.395000	0.009855
2.400000	0.009856
2.405000	0.009857
2.410000	0.009858
2.415000	0.009859
2.420000	0.009861
2.425000	0.009863
2.430000	0.009865
2.435000	0.009867
2.440000	0.009870
2.445000	0.009873
2.450000	0.009876
2.455000	0.009879
2.460000	0.009883
2.465000	0.009887
2.470000	0.009892
2.475000	0.009896
2.480000	0.009902
2.485000	0.009907
2.490000	0.009913
2.495000	0.009920
2.500000	0.009926
2.505000	0.009934
2.510000	0.009941
2.515000	0.009950
2.520000	0.009958
2.525000	0.009967
2.530000	0.009977
2.535000	0.009987
2.540000	0.009998
2.545000	0.010009
2.550000	0.010020
2.555000	0.010032
2.560000	0.010045
2.565000	0.010058
2.570000	0.010071
2.575000	0.010085
2.580000	0.010099
2.585000	0.010114
2.590000	0.010129
2.595000	0.010144
2.600000	0.010160
2.605000	0.010176
2.610000	0.010192
2.615000	0.010209
2.620000	0.010226
2.625000	0.010243
2.630000	0.010260
2.635000	0.010277
2.640000	0.010295
2.645000	0.010312
2.650000	0.010330
2.655000	0.010348
2.660000	0.010365
2.665000	0.010383
2.670000	0.010400
2.675000	0.010418
2.680000	0.010435
2.685000	0.010453
2.690000	0.010470
2.695000	0.010486
2.700000	0.010503
2.705000	0.010519
2.710000	0.010535
2.715000	0.010551
2.720000	0.010567
2.725000	0.010582
2.730000	0.010596
2.735000	0.010611
2.740000	0.010624
2.745000	0.010638
2.750000	0.010651
2.755000	0.010663
2.760000	0.010675
2.765000	0.010687
2.770000	0.010698
2.775000	0.010709
2.780000	0.010719
2.785000	0.010729
2.790000	0.010738
2.795000	0.010747
2.800000	0.010755
2.805000	0.010763
2.810000	0.010771
2.815000	0.010778
2.820000	0.010784
2.825000	0.010790
2.830000	0.010796
2.835000	0.010801
2.840000	0.010806
2.845000	0.010811
2.850000	0.010815
2.855000	0.010819
2.860000	0.010823
2.865000	0.010826
2.870000	0.010829
2.875000	0.010832
2.880000	0.010834
2.885000	0.010836
2.890000	0.010838
2.895000	0.010840
2.900000	0.010842
2.905000	0.010843
2.910000	0.010844
2.915000	0.010845
2.920000	0.010846
2.925000	0.010847
2.930000	0.010848
2.935000	0.010849
2.940000	0.010849
2.945000	0.010850
2.950000	0.010850
2.955000	0.010851
2.960000	0.010851
2.965000	0.010851
2.970000	0.010851
2.975000	0.010851
2.980000	0.010852
2.985000	0.010852
2.990000	0.010852
2.995000	0.010852
3.000000	0.010852
3.005000	0.010852
3.010000	0.010852
3.015000	0.010852
3.020000	0.010852
3.025000	0.010852
3.030000	0.010852
3.035000	0.010852
3.040000	0.010852
3.045000	0.010852
3.050000	0.010852
3.055000	0.010852
3.060000	0.010852
3.065000	0.010852
3.070000	0.010852
3.075000	0.010852
3.080000	0.010852
3.085000	0.010852
3.090000	0.010852
3.095000	0.010852
3.100000	0.010852
3.105000	0.010852
3.110000	0.010852
3.115000	0.010852
3.120000	0.010852
3.125000	0.010852
3.130000	0.010852
3.135000	0.010852
3.140000	0.010852
3.145000	0.010852
3.150000	0.010852
3.155000	0.010852
3.160000	0.010852
3.165000	0.010852
3.170000	0.010852
3.175000	0.010852
3.180000	0.010852
3.185000	0.010852
3.190000	0.010852
3.195000	0.010852
3.200000	0.010852
3.205000	0.010852
3.210000	0.010852
3.215000	0.010852
3.220000	0.010852
3.225000	0.010852
3.230000	0.010852
3.235000	0.010852
3.240000	0.010852
3.245000	0.010852
3.250000	0.010852
3.255000	0.010852
3.260000	0.010852
3.265000	0.010852
3.270000	0.010852
3.275000	0.010852
3.280000	0.010852
3.285000	0.010852
3.290000	0.010852
3.295000	0.010852
3.300000	0.010852
3.305000	0.010852
3.310000	0.010852
3.315000	0.010852
3.320000	0.010852
3.325000	0.010852
3.330000	0.010852
3.335000	0.010852
3.340000	0.010852
3.345000	0.010852
3.350000	0.010852
3.355000	0.010852
3.360000	0.010852
3.365000	0.010852
3.370000	0.010852
3.375000	0.010852
3.380000	0.010852
3.385000	0.010852
3.390000	0.010852
3.395000	0.010852
3.400000	0.010852
3.405000	0.010852
3.410000	0.010852
3.415000	0.010852
3.420000	0.010852
3.425000	0.010852
3.430000	0.010852
3.435000	0.010852
3.440000	0.010852
3.445000	0.010852
3.450000	0.010852
3.455000	0.010852
3.460000	0.010852
3.465000	0.010852
3.470000	0.010852
3.475000	0.010852
3.480000	0.010852
3.485000	0.010852
3.490000	0.010852
3.495000	0.010852
3.500000	0.010852
3.505000	0.010852
3.510000	0.010852
3.515000	0.010852
3.520000	0.010852
3.525000	0.010852
3.530000	0.010852
3.535000	0.010852
3.540000	0.010852
3.545000	0.010852
3.550000	0.010852
3.555000	0.010852
3.560000	0.010852
3.565000	0.010852
3.570000	0.010852
3.575000	0.010852
3.580000	0.010852
3.585000	0.010852
3.590000	0.010852
3.595000	0.010852
3.600000	0.010852
3.605000	0.010852
3.610000	0.010852
3.615000	0.010852
3.620000	0.010852
3.625000	0.010852
3.630000	0.010852
3.635000	0.010852
3.640000	0.010852
3.645000	0.010852
3.650000	0.010852
3.655000	0.010852
3.660000	0.010852
3.665000	0.010852
3.670000	0.010852
3.675000	0.010852
3.680000	0.010852
3.685000	0.010852
3.690000	0.010852
3.695000	0.010852
3.700000	0.010852
3.705000	0.010852
3.710000	0.010853
3.715000	0.010853
3.720000	0.010853
3.725000	0.010853
3.730000	0.010853
3.735000	0.010853
3.740000	0.010853
3.745000	0.010854
3.750000	0.010854
3.755000	0.010854
3.760000	0.010854
3.765000	0.010855
3.770000	0.010855
3.775000	0.010855
3.780000	0.010856
3.785000	0.010856
3.790000	0.010857
3.795000	0.010858
3.800000	0.010858
3.805000	0.010859
3.810000	0.010860
3.815000	0.010861
3.820000	0.010862
3.825000	0.010863
3.830000	0.010864
3.835000	0.010865
3.840000	0.010867
3.845000	0.010868
3.850000	0.010870
3.855000	0.010871
3.860000	0.010873
3.865000	0.010875
3.870000	0.010877
3.875000	0.010879
3.880000	0.010881
3.885000	0.010883
3.890000	0.010885
3.895000	0.010887
3.900000	0.010890
3.905000	0.010892
3.910000	0.010895
3.915000	0.010898
3.920000	0.010900
3.925000	0.010903
3.930000	0.010906
3.935000	0.010909
3.940000	0.010912
3.945000	0.010915
3.950000	0.010918
3.955000	0.010922
3.960000	0.010925
3.965000	0.010928
3.970000	0.010931
3.975000	0.010935
3.980000	0.010938
3.985000	0.010941
3.990000	0.010945
3.995000	0.010948
4.000000	0.010951
4.005000	0.010954
4.010000	0.010958
4.015000	0.010961
4.020000	0.010964
4.025000	0.010967
4.030000	0.010970
4.035000	0.010973
4.040000	0.010976
4.045000	0.010979
4.050000	0.010982
4.055000	0.010984
4.060000	0.010987
4.065000	0.010990
4.070000	0.010992
4.075000	0.010994
4.080000	0.010997
4.085000	0.010999
4.090000	0.011001
4.095000	0.011003
4.100000	0.011005
4.105000	0.011007
4.110000	0.011009
4.115000	0.011010
4.120000	0.011012
4.125000	0.011013
4.130000	0.011015
4.135000	0.011016
4.140000	0.011017
4.145000	0.011018
4.150000	0.011019
4.155000	0.011020
4.160000	0.011021
4.165000	0.011022
4.170000	0.011023
4.175000	0.011023
4.180000	0.011024
4.185000	0.011024
4.190000	0.011025
4.195000	0.011025
4.200000	0.011026
4.205000	0.011026
4.210000	0.011027
4.215000	0.011027
4.220000	0.011027
4.225000	0.011027
4.230000	0.011028
4.235000	0.011028
4.240000	0.011028
4.245000	0.011028
4.250000	0.011028
4.255000	0.011028
4.260000	0.011028
4.265000	0.011028
4.270000	0.011028
4.275000	0.011028
4.280000	0.011029
4.285000	0.011029
4.290000	0.011029
4.295000	0.011029
4.300000	0.011029
4.305000	0.011029
4.310000	0.011029
4.315000	0.011029
4.320000	0.011029
4.325000	0.011029
4.330000	0.011029
4.335000	0.011029
4.340000	0.011029
4.345000	0.011029
4.350000	0.011029
4.355000	0.011029
4.360000	0.011029
4.365000	0.011029
4.370000	0.011029
4.375000	0.011029
4.380000	0.011029
4.385000	0.011029
4.390000	0.011029
4.395000	0.011029
4.400000	0.011029
4.405000	0.011029
4.410000	0.011029
4.415000	0.011029
4.420000	0.011029
4.425000	0.011029
4.430000	0.011029
4.435000	0.011029
4.440000	0.011029
4.445000	0.011029
4.450000	0.011029
4.455000	0.011029
4.460000	0.011029
4.465000	0.011029
4.470000	0.011029
4.475000	0.011029
4.480000	0.011029
4.485000	0.011029
4.490000	0.011029
4.495000	0.011029
4.500000	0.011029
4.505000	0.011029
4.510000	0.011029
4.515000	0.011029
4.520000	0.011029
4.525000	0.011029
4.530000	0.011029
4.535000	0.011029
4.540000	0.011029
4.545000	0.011029
4.550000	0.011029
4.555000	0.011029
4.560000	0.011029
4.565000	0.011029
4.570000	0.011029
4.575000	0.011029
4.580000	0.011029
4.585000	0.011029
4.590000	0.011029
4.595000	0.011029
4.600000	0.011029
4.605000	0.011029
4.610000	0.011029
4.615000	0.011029
4.620000	0.011029
4.625000	0.011029
4.630000	0.011029
4.635000	0.011029
4.640000	0.011029
4.645000	0.011029
4.650000	0.011029
4.655000	0.011029
4.660000	0.011029
4.665000	0.011029
4.670000	0.011029
4.675000	0.011029
4.680000	0.011029
4.685000	0.011029
4.690000	0.011029
4.695000	0.011029
4.700000	0.011029
4.705000	0.011029
4.710000	0.011029
4.715000	0.011029
4.720000	0.011029
4.725000	0.011029
4.730000	0.011029
4.735000	0.011029
4.740000	0.011029
4.745000	0.011029
4.750000	0.011029
4.755000	0.011029
4.760000	0.011029
4.765000	0.011029
4.770000	0.011029
4.775000	0.011029
4.780000	0.011029
4.785000	0.011029
4.790000	0.011029
4.795000	0.011029
4.800000	0.011029
4.805000	0.011029
4.810000	0.011029
4.815000	0.011029
4.820000	0.011029
4.825000	0.011029
4.830000	0.011029
4.835000	0.011029
4.840000	0.011029
4.845000	0.011029
4.850000	0.011029
4.855000	0.011029
4.860000	0.011029
4.865000	0.011029
4.870000	0.011029
4.875000	0.011029
4.880000	0.011029
4.885000	0.011029
4.890000	0.011029
4.895000	0.011029
4.900000	0.011029
4.905000	0.011029
4.910000	0.011029
4.915000	0.011029
4.920000	0.011029
4.925000	0.011029
4.930000	0.011029
4.935000	0.011029
4.940000	0.011029
4.945000	0.011029
4.950000	0.011029
4.955000	0.011029
4.960000	0.011029
4.965000	0.011029
4.970000	0.011029
4.975000	0.011029
4.980000	0.011029
4.985000	0.011029
4.990000	0.011029
4.995000	0.011029
5.000000	0.011029
5.005000	0.011029
5.010000	0.011029
5.015000	0.011029
5.020000	0.011029
5.025000	0.011029
5.030000	0.011029
5.035000	0.011029
5.040000	0.011029
5.045000	0.011029
5.050000	0.011029
5.055000	0.011029
5.060000	0.011029
5.065000	0.011029
5.070000	0.011029
5.075000	0.011029
5.080000	0.011029
5.085000	0.011029
5.090000	0.011029
5.095000	0.011029
5.100000	0.011029
5.105000	0.011029
5.110000	0.011029
5.115000	0.011029
5.120000	0.011029
5.125000	0.011029
5.130000	0.011029
5.135000	0.011029
5.140000	0.011029
5.145000	0.011029
5.150000	0.011029
5.155000	0.011029
5.160000	0.011029
5.165000	0.011029
5.170000	0.011029
5.175000	0.011029
5.180000	0.011030
5.185000	0.011030
5.190000	0.011030
5.195000	0.011030
5.200000	0.011030
5.205000	0.011030
5.210000	0.011030
5.215000	0.011030
5.220000	0.011030
5.225000	0.011031
5.230000	0.011031
5.235000	0.011031
5.240000	0.011031
5.245000	0.011031
5.250000	0.011031
5.255000	0.011032
5.260000	0.011032
5.265000	0.011032
5.270000	0.011032
5.275000	0.011032
5.280000	0.011033
5.285000	0.011033
5.290000	0.011033
5.295000	0.011033
5.300000	0.011033
5.305000	0.011034
5.310000	0.011034
5.315000	0.011034
5.320000	0.011034
5.325000	0.011034
5.330000	0.011035
5.335000	0.011035
5.340000	0.011035
5.345000	0.011035
5.350000	0.011035
5.355000	0.011036
5.360000	0.011036
5.365000	0.011036
5.370000	0.011036
5.375000	0.011036
5.380000	0.011037
5.385000	0.011037
5.390000	0.011037
5.395000	0.011037
5.400000	0.011037
5.405000	0.011037
5.410000	0.011037
5.415000	0.011038
5.420000	0.011038
5.425000	0.011038
5.430000	0.011038
5.435000	0.011038
5.440000	0.011038
5.445000	0.011038
5.450000	0.011038
5.455000	0.011038
5.460000	0.011038
5.465000	0.011039
5.470000	0.011039
5.475000	0.011039
5.480000	0.011039
5.485000	0.011039
5.490000	0.011039
5.495000	0.011039
5.500000	0.011039
5.505000	0.011039
5.510000	0.011039
5.515000	0.011039
5.520000	0.011039
5.525000	0.011039
5.530000	0.011039
5.535000	0.011039
5.540000	0.011039
5.545000	0.011039
5.550000	0.011039
5.555000	0.011039
5.560000	0.011039
5.565000	0.011039
5.570000	0.011039
5.575000	0.011039
5.580000	0.011039
5.585000	0.011039
5.590000	0.011039
5.595000	0.011039
5.600000	0.011039
5.605000	0.011039
5.610000	0.011039
5.615000	0.011039
5.620000	0.011039
5.625000	0.011039
5.630000	0.011039
5.635000	0.011039
5.640000	0.011039
5.645000	0.011039
5.650000	0.011039
5.655000	0.011039
5.660000	0.011039
5.665000	0.011039
5.670000	0.011039
5.675000	0.011039
5.680000	0.011039
5.685000	0.011039
5.690000	0.011039
5.695000	0.011039
5.700000	0.011039
5.705000	0.011039
5.710000	0.011039
5.715000	0.011039
5.720000	0.011039
5.725000	0.011039
5.730000	0.011039
5.735000	0.011039
5.740000	0.011039
5.745000	0.011039
5.750000	0.011039
5.755000	0.011039
5.760000	0.011039
5.765000	0.011039
5.770000	0.011039
5.775000	0.011039
5.780000	0.011039
5.785000	0.011039
5.790000	0.011039
5.795000	0.011039
5.800000	0.011039
5.805000	0.011039
5.810000	0.011039
5.815000	0.011039
5.820000	0.011039
5.825000	0.011039
5.830000	0.011039
5.835000	0.011039
5.840000	0.011039
5.845000	0.011039
5.850000	0.011039
5.855000	0.011039
5.860000	0.011039
5.865000	0.011039
5.870000	0.011039
5.875000	0.011039
5.880000	0.011039
5.885000	0.011039
5.890000	0.011039
5.895000	0.011039
5.900000	0.011039
5.905000	0.011039
5.910000	0.011039
5.915000	0.011039
5.920000	0.011039
5.925000	0.011039
5.930000	0.011039
5.935000	0.011039
5.940000	0.011039
5.945000	0.011039
5.950000	0.011039
5.955000	0.011039
5.960000	0.011039
5.965000	0.011039
5.970000	0.011039
5.975000	0.011039
5.980000	0.011039
5.985000	0.011039
5.990000	0.011039
5.995000	0.011039
6.000000	0.011039
6.005000	0.011039
6.010000	0.011039
6.015000	0.011039
6.020000	0.011039
6.025000	0.011039
6.030000	0.011039
6.035000	0.011039
6.040000	0.011039
6.045000	0.011039
6.050000	0.011039
6.055000	0.011039
6.060000	0.011039
6.065000	0.011039
6.070000	0.011039
6.075000	0.011039
6.080000	0.011039
6.085000	0.011039
6.090000	0.011039
6.095000	0.011039
6.100000	0.011039
6.105000	0.011039
6.110000	0.011039
6.115000	0.011039
6.120000	0.011039
6.125000	0.011039
6.130000	0.011039
6.135000	0.011039
6.140000	0.011039
6.145000	0.011039
6.150000	0.011039
6.155000	0.011039
6.160000	0.011039
6.165000	0.011039
6.170000	0.011039
6.175000	0.011039
6.180000	0.011039
6.185000	0.011039
6.190000	0.011039
6.195000	0.011039
6.200000	0.011039
6.205000	0.011039
6.210000	0.011039
6.215000	0.011039
6.220000	0.011039
6.225000	0.011039
6.230000	0.011039
6.235000	0.011039
6.240000	0.011039
6.245000	0.011039
6.250000	0.011039
6.255000	0.011039
6.260000	0.011039
6.265000	0.011039
6.270000	0.011039
6.275000	0.011039
6.280000	0.011039
6.285000	0.011039
6.290000	0.011039
6.295000	0.011039
6.300000	0.011039
6.305000	0.011039
6.310000	0.011039
6.315000	0.011039
6.320000	0.011039
6.325000	0.011039
6.330000	0.011039
6.335000	0.011039
6.340000	0.011039
6.345000	0.011039
6.350000	0.011039
6.355000	0.011039
6.360000	0.011039
6.365000	0.011039
6.370000	0.011039
6.375000	0.011039
6.380000	0.011039
6.385000	0.011039
6.390000	0.011039
6.395000	0.011039
6.400000	0.011039
6.405000	0.011039
6.410000	0.011039
6.415000	0.011039
6.420000	0.011039
6.425000	0.011039
6.430000	0.011039
6.435000	0.011039
6.440000	0.011039
6.445000	0.011039
6.450000	0.011039
6.455000	0.011039
6.460000	0.011039
6.465000	0.011039
6.470000	0.011039
6.475000	0.011039
6.480000	0.011039
6.485000	0.011039
6.490000	0.011039
6.495000	0.011039
6.500000	0.011039
6.505000	0.011039
6.510000	0.011039
6.515000	0.011039
6.520000	0.011039
6.525000	0.011039
6.530000	0.011039
6.535000	0.011039
6.540000	0.011039
6.545000	0.011039
6.550000	0.011039
6.555000	0.011039
6.560000	0.011039
6.565000	0.011039
6.570000	0.011039
6.575000	0.011039
6.580000	0.011039
6.585000	0.011039
6.590000	0.011039
6.595000	0.011039
6.600000	0.011039
6.605000	0.011039
6.610000	0.011039
6.615000	0.011039
6.620000	0.011039
6.625000	0.011039
6.630000	0.011039
6.635000	0.011039
6.640000	0.011039
6.645000	0.011039
6.650000	0.011039
6.655000	0.011039
6.660000	0.011039
6.665000	0.011039
6.670000	0.011039
6.675000	0.011039
6.680000	0.011039
6.685000	0.011039
6.690000	0.011039
6.695000	0.011039
6.700000	0.011039
6.705000	0.011039
6.710000	0.011039
6.715000	0.011039
6.720000	0.011039
6.725000	0.011039
6.730000	0.011039
6.735000	0.011039
6.740000	0.011039
6.745000	0.011039
6.750000	0.011039
6.755000	0.011039
6.760000	0.011039
6.765000	0.011039
6.770000	0.011039
6.775000	0.011039
6.780000	0.011039
6.785000	0.011039
6.790000	0.011039
6.795000	0.011039
6.800000	0.011039
6.805000	0.011039
6.810000	0.011039
6.815000	0.011039
6.820000	0.011039
6.825000	0.011039
6.830000	0.011039
6.835000	0.011039
6.840000	0.011039
6.845000	0.011039
6.850000	0.011039
6.855000	0.011039
6.860000	0.011039
6.865000	0.011039
6.870000	0.011039
6.875000	0.011039
6.880000	0.011039
6.885000	0.011039
6.890000	0.011039
6.895000	0.011039
6.900000	0.011039
6.905000	0.011039
6.910000	0.011039
6.915000	0.011039
6.920000	0.011039
6.925000	0.011039
6.930000	0.011039
6.935000	0.011039
6.940000	0.011039
6.945000	0.011039
6.950000	0.011039
6.955000	0.011039
6.960000	0.011039
6.965000	0.011039
6.970000	0.011039
6.975000	0.011039
6.980000	0.011039
6.985000	0.011039
6.990000	0.011039
6.995000	0.011039
7.000000	0.011039
7.005000	0.011039
7.010000	0.011039
7.015000	0.011039
7.020000	0.011039
7.025000	0.011039
7.030000	0.011039
7.035000	0.011039
7.040000	0.011039
7.045000	0.011039
7.050000	0.011039
7.055000	0.011039
7.060000	0.011039
7.065000	0.011039
7.070000	0.011039
7.075000	0.011039
7.080000	0.011039
7.085000	0.011039
7.090000	0.011039
7.095000	0.011039
7.100000	0.011039
7.105000	0.011039
7.110000	0.011039
7.115000	0.011039
7.120000	0.011039
7.125000	0.011039
7.130000	0.011039
7.135000	0.011039
7.140000	0.011039
7.145000	0.011039
7.150000	0.011039
7.155000	0.011039
7.160000	0.011039
7.165000	0.011039
7.170000	0.011039
7.175000	0.011039
7.180000	0.011039
7.185000	0.011039
7.190000	0.011039
7.195000	0.011039
7.200000	0.011039
7.205000	0.011039
7.210000	0.011039
7.215000	0.011039
7.220000	0.011039
7.225000	0.011039
7.230000	0.011039
7.235000	0.011039
7.240000	0.011039
7.245000	0.011039
7.250000	0.011039
7.255000	0.011039
7.260000	0.011039
7.265000	0.011039
7.270000	0.011039
7.275000	0.011039
7.280000	0.011039
7.285000	0.011039
7.290000	0.011039
7.295000	0.011039
7.300000	0.011039
7.305000	0.011039
7.310000	0.011039
7.315000	0.011039
7.320000	0.011039
7.325000	0.011039
7.330000	0.011039
7.335000	0.011039
7.340000	0.011039
7.345000	0.011039
7.350000	0.011039
7.355000	0.011039
7.360000	0.011039
7.365000	0.011039
7.370000	0.011039
7.375000	0.011039
7.380000	0.011039
7.385000	0.011039
7.390000	0.011039
7.395000	0.011039
7.400000	0.011039
7.405000	0.011039
7.410000	0.011039
7.415000	0.011039
7.420000	0.011039
7.425000	0.011039
7.430000	0.011039
7.435000	0.011039
7.440000	0.011039
7.445000	0.011039
7.450000	0.011039
7.455000	0.011039
7.460000	0.011039
7.465000	0.011039
7.470000	0.011039
7.475000	0.011039
7.480000	0.011039
7.485000	0.011039
7.490000	0.011039
7.495000	0.011039
7.500000	0.011039
7.505000	0.011039
7.510000	0.011039
7.515000	0.011039
7.520000	0.011039
7.525000	0.011039
7.530000	0.011039
7.535000	0.011039
7.540000	0.011039
7.545000	0.011039
7.550000	0.011039
7.555000	0.011039
7.560000	0.011039
7.565000	0.011039
7.570000	0.011039
7.575000	0.011039
7.580000	0.011039
7.585000	0.011039
7.590000	0.011039
7.595000	0.011039
7.600000	0.011039
7.605000	0.011039
7.610000	0.011039
7.615000	0.011039
7.620000	0.011039
7.625000	0.011039
7.630000	0.011039
7.635000	0.011039
7.640000	0.011039
7.645000	0.011039
7.650000	0.011039
7.655000	0.011039
7.660000	0.011039
7.665000	0.011039
7.670000	0.011039
7.675000	0.011039
7.680000	0.011039
7.685000	0.011039
7.690000	0.011039
7.695000	0.011039
7.700000	0.011039
7.705000	0.011039
7.710000	0.011039
7.715000	0.011039
7.720000	0.011039
7.725000	0.011039
7.730000	0.011039
7.735000	0.011039
7.740000	0.011039
7.745000	0.011039
7.750000	0.011039
7.755000	0.011039
7.760000	0.011039
7.765000	0.011039
7.770000	0.011039
7.775000	0.011039
7.780000	0.011039
7.785000	0.011039
7.790000	0.011039
7.795000	0.011039
7.800000	0.011039
7.805000	0.011039
7.810000	0.011039
7.815000	0.011039
7.820000	0.011039
7.825000	0.011039
7.830000	0.011039
7.835000	0.011039
7.840000	0.011039
7.845000	0.011039
7.850000	0.011039
7.855000	0.011039
7.860000	0.011039
7.865000	0.011039
7.870000	0.011039
7.875000	0.011039
7.880000	0.011039
7.885000	0.011039
7.890000	0.011039
7.895000	0.011039
7.900000	0.011039
7.905000	0.011039
7.910000	0.011039
7.915000	0.011039
7.920000	0.011039
7.925000	0.011039
7.930000	0.011039
7.935000	0.011039
7.940000	0.011039
7.945000	0.011039
7.950000	0.011039
7.955000	0.011039
7.960000	0.011039
7.965000	0.011039
7.970000	0.011039
7.975000	0.011039
7.980000	0.011039
7.985000	0.011039
7.990000	0.011039
7.995000	0.011039
8.000000	0.011039
8.005000	0.011039
8.010000	0.011039
8.015000	0.011039
8.020000	0.011039
8.025000	0.011039
8.030000	0.011039
8.035000	0.011039
8.040000	0.011039
8.045000	0.011039
8.050000	0.011039
8.055000	0.011039
8.060000	0.011039
8.065000	0.011039
8.070000	0.011039
8.075000	0.011039
8.080000	0.011039
8.085000	0.011039
8.090000	0.011039
8.095000	0.011039
8.100000	0.011039
8.105000	0.011039
8.110000	0.011039
8.115000	0.011039
8.120000	0.011039
8.125000	0.011039
8.130000	0.011039
8.135000	0.011039
8.140000	0.011039
8.145000	0.011039
8.150000	0.011039
8.155000	0.011039
8.160000	0.011039
8.165000	0.011039
8.170000	0.011039
8.175000	0.011039
8.180000	0.011039
8.185000	0.011039
8.190000	0.011039
8.195000	0.011039
8.200000	0.011039
8.205000	0.011039
8.210000	0.011039
8.215000	0.011039
8.220000	0.011039
8.225000	0.011039
8.230000	0.011039
8.235000	0.011039
8.240000	0.011039
8.245000	0.011039
8.250000	0.011039
8.255000	0.011039
8.260000	0.011039
8.265000	0.011039
8.270000	0.011039
8.275000	0.011039
8.280000	0.011039
8.285000	0.011039
8.290000	0.011039
8.295000	0.011039
8.300000	0.011039
8.305000	0.011039
8.310000	0.011039
8.315000	0.011039
8.320000	0.011039
8.325000	0.011039
8.330000	0.011039
8.335000	0.011039
8.340000	0.011039
8.345000	0.011039
8.350000	0.011039
8.355000	0.011039
8.360000	0.011039
8.365000	0.011039
8.370000	0.011039
8.375000	0.011039
8.380000	0.011039
8.385000	0.011039
8.390000	0.011039
8.395000	0.011039
8.400000	0.011039
8.405000	0.011039
8.410000	0.011039
8.415000	0.011039
8.420000	0.011039
8.425000	0.011039
8.430000	0.011039
8.435000	0.011039
8.440000	0.011039
8.445000	0.011039
8.450000	0.011039
8.455000	0.011039
8.460000	0.011039
8.465000	0.011039
8.470000	0.011039
8.475000	0.011039
8.480000	0.011039
8.485000	0.011039
8.490000	0.011039
8.495000	0.011039
8.500000	0.011039
8.505000	0.011039
8.510000	0.011039
8.515000	0.011039
8.520000	0.011039
8.525000	0.011039
8.530000	0.011039
8.535000	0.011039
8.540000	0.011039
8.545000	0.011039
8.550000	0.011039
8.555000	0.011039
8.560000	0.011039
8.565000	0.011039
8.570000	0.011039
8.575000	0.011039
8.580000	0.011039
8.585000	0.011039
8.590000	0.011039
8.595000	0.011039
8.600000	0.011039
8.605000	0.011039
8.610000	0.011039
8.615000	0.011039
8.620000	0.011039
8.625000	0.011039
8.630000	0.011039
8.635000	0.011039
8.640000	0.011039
8.645000	0.011039
8.650000	0.011039
8.655000	0.011039
8.660000	0.011039
8.665000	0.011039
8.670000	0.011039
8.675000	0.011039
8.680000	0.011039
8.685000	0.011039
8.690000	0.011039
8.695000	0.011039
8.700000	0.011039
8.705000	0.011039
8.710000	0.011039
8.715000	0.011039
8.720000	0.011039
8.725000	0.011039
8.730000	0.011039
8.735000	0.011039
8.740000	0.011039
8.745000	0.011039
8.750000	0.011039
8.755000	0.011039
8.760000	0.011039
8.765000	0.011039
8.770000	0.011039
8.775000	0.011039
8.780000	0.011039
8.785000	0.011039
8.790000	0.011039
8.795000	0.011039
8.800000	0.011039
8.805000	0.011039
8.810000	0.011039
8.815000	0.011039
8.820000	0.011039
8.825000	0.011039
8.830000	0.011039
8.835000	0.011039
8.840000	0.011039
8.845000	0.011039
8.850000	0.011039
8.855000	0.011039
8.860000	0.011039
8.865000	0.011039
8.870000	0.011039
8.875000	0.011039
8.880000	0.011039
8.885000	0.011039
8.890000	0.011039
8.895000	0.011039
8.900000	0.011039
8.905000	0.011039
8.910000	0.011039
8.915000	0.011039
8.920000	0.011039
8.925000	0.011039
8.930000	0.011039
8.935000	0.011039
8.940000	0.011039
8.945000	0.011039
8.950000	0.011039
8.955000	0.011039
8.960000	0.011039
8.965000	0.011039
8.970000	0.011039
8.975000	0.011039
8.980000	0.011039
8.985000	0.011039
8.990000	0.011039
8.995000	0.011039
9.000000	0.011039
9.005000	0.011039
9.010000	0.011039
9.015000	0.011039
9.020000	0.011039
9.025000	0.011039
9.030000	0.011039
9.035000	0.011039
9.040000	0.011039
9.045000	0.011039
9.050000	0.011039
9.055000	0.011039
9.060000	0.011039
9.065000	0.011039
9.070000	0.011039
9.075000	0.011039
9.080000	0.011039
9.085000	0.011039
9.090000	0.011039
9.095000	0.011039
9.100000	0.011039
9.105000	0.011039
9.110000	0.011039
9.115000	0.011039
9.120000	0.011039
9.125000	0.011039
9.130000	0.011039
9.135000	0.011039
9.140000	0.011039
9.145000	0.011039
9.150000	0.011039
9.155000	0.011039
9.160000	0.011039
9.165000	0.011039
9.170000	0.011039
9.175000	0.011039
9.180000	0.011039
9.185000	0.011039
9.190000	0.011039
9.195000	0.011039
9.200000	0.011039
9.205000	0.011039
9.210000	0.011039
9.215000	0.011039
9.220000	0.011039
9.225000	0.011039
9.230000	0.011039
9.235000	0.011039
9.240000	0.011039
9.245000	0.011039
9.250000	0.011039
9.255000	0.011039
9.260000	0.011039
9.265000	0.011039
9.270000	0.011039
9.275000	0.011039
9.280000	0.011039
9.285000	0.011039
9.290000	0.011039
9.295000	0.011039
9.300000	0.011039
9.305000	0.011039
9.310000	0.011039
9.315000	0.011039
9.320000	0.011039
9.325000	0.011039
9.330000	0.011039
9.335000	0.011039
9.340000	0.011039
9.345000	0.011039
9.350000	0.011039
9.355000	0.011039
9.360000	0.011039
9.365000	0.011039
9.370000	0.011039
9.375000	0.011039
9.380000	0.011039
9.385000	0.011039
9.390000	0.011039
9.395000	0.011039
9.400000	0.011039
9.405000	0.011039
9.410000	0.011039
9.415000	0.011039
9.420000	0.011039
9.425000	0.011039
9.430000	0.011039
9.435000	0.011039
9.440000	0.011039
9.445000	0.011039
9.450000	0.011039
9.455000	0.011039
9.460000	0.011039
9.465000	0.011039
9.470000	0.011039
9.475000	0.011039
9.480000	0.011039
9.485000	0.011039
9.490000	0.011039
9.495000	0.011039
9.500000	0.011039
9.505000	0.011039
9.510000	0.011039
9.515000	0.011039
9.520000	0.011039
9.525000	0.011039
9.530000	0.011039
9.535000	0.011039
9.540000	0.011039
9.545000	0.011039
9.550000	0.011039
9.555000	0.011039
9.560000	0.011039
9.565000	0.011039
9.570000	0.011039
9.575000	0.011039
9.580000	0.011039
9.585000	0.011039
9.590000	0.011039
9.595000	0.011039
9.600000	0.011039
9.605000	0.011039
9.610000	0.011039
9.615000	0.011039
9.620000	0.011039
9.625000	0.011039
9.630000	0.011039
9.635000	0.011039
9.640000	0.011039
9.645000	0.011039
9.650000	0.011039
9.655000	0.011039
9.660000	0.011039
9.665000	0.011039
9.670000	0.011039
9.675000	0.011039
9.680000	0.011039
9.685000	0.011039
9.690000	0.011039
9.695000	0.011039
9.700000	0.011039
9.705000	0.011039
9.710000	0.011039
9.715000	0.011039
9.720000	0.011039
9.725000	0.011039
9.730000	0.011039
9.735000	0.011039
9.740000	0.011039
9.745000	0.011039
9.750000	0.011039
9.755000	0.011039
9.760000	0.011039
9.765000	0.011039
9.770000	0.011039
9.775000	0.011039
9.780000	0.011039
9.785000	0.011039
9.790000	0.011039
9.795000	0.011039
9.800000	0.011039
9.805000	0.011039
9.810000	0.011039
9.815000	0.011039
9.820000	0.011039
9.825000	0.011039
9.830000	0.011039
9.835000	0.011039
9.840000	0.011039
9.845000	0.011039
9.850000	0.011039
9.855000	0.011039
9.860000	0.011039
9.865000	0.011039
9.870000	0.011039
9.875000	0.011039
9.880000	0.011039
9.885000	0.011039
9.890000	0.011039
9.895000	0.011039
9.900000	0.011039
9.905000	0.011039
9.910000	0.011039
9.915000	0.011039
9.920000	0.011039
9.925000	0.011039
9.930000	0.011039
9.935000	0.011039
9.940000	0.011039
9.945000	0.011039
9.950000	0.011039
9.955000	0.011039
9.960000	0.011039
9.965000	0.011039
9.970000	0.011039
9.975000	0.011039
9.980000	0.011039
9.985000	0.011039
9.990000	0.011039
9.995000	0.011039
