-7.000000000000000000e+01
-6.777777777777777146e+01
-6.555555555555555713e+01
-6.333333333333333570e+01
-6.111111111111111427e+01
-5.888888888888888573e+01
-5.666666666666666430e+01
-5.444444444444444287e+01
-5.222222222222222143e+01
-5.000000000000000000e+01
-4.777777777777777857e+01
-4.555555555555555713e+01
-4.333333333333332860e+01
-4.111111111111111427e+01
-3.888888888888888573e+01
-3.666666666666666430e+01
-3.444444444444444287e+01
-3.222222222222222143e+01
-3.000000000000000000e+01
-2.777777777777777857e+01
-2.555555555555555713e+01
-2.333333333333332860e+01
-2.111111111111110716e+01
-1.888888888888888573e+01
-1.666666666666666430e+01
-1.444444444444444287e+01
-1.222222222222222143e+01
-1.000000000000000000e+01
-7.777777777777771462e+00
-5.555555555555557135e+00
-3.333333333333328596e+00
-1.111111111111114269e+00
1.111111111111114269e+00
3.333333333333342807e+00
5.555555555555557135e+00
7.777777777777785673e+00
1.000000000000000000e+01
1.222222222222222854e+01
1.444444444444444287e+01
1.666666666666667140e+01
1.888888888888888573e+01
2.111111111111111427e+01
2.333333333333334281e+01
2.555555555555555713e+01
2.777777777777778567e+01
3.000000000000000000e+01
3.222222222222222854e+01
3.444444444444444287e+01
3.666666666666667140e+01
3.888888888888889994e+01
4.111111111111111427e+01
4.333333333333334281e+01
4.555555555555555713e+01
4.777777777777778567e+01
5.000000000000000000e+01
5.222222222222222854e+01
5.444444444444445708e+01
5.666666666666667140e+01
5.888888888888888573e+01
6.111111111111111427e+01
6.333333333333334281e+01
6.555555555555557135e+01
6.777777777777777146e+01
7.000000000000000000e+01
