0	10.000000	-0.010000
1	10.000000	-0.009487
2	10.000000	-0.008974
3	10.000000	-0.008462
4	10.000000	-0.007949
5	10.000000	-0.007436
6	10.000000	-0.006923
7	10.000000	-0.006410
8	10.000000	-0.005897
9	10.000000	-0.005385
10	10.000000	-0.004872
11	10.000000	-0.004359
12	10.000000	-0.003846
13	10.000000	-0.003333
14	10.000000	-0.002821
15	10.000000	-0.002308
16	10.000000	-0.001795
17	10.000000	-0.001282
18	10.000000	-0.000769
19	10.000000	-0.000256
20	10.000000	0.000256
21	10.000000	0.000769
22	10.000000	0.001282
23	10.000000	0.001795
24	10.000000	0.002308
25	10.000000	0.002821
26	10.000000	0.003333
27	10.000000	0.003846
28	10.000000	0.004359
29	10.000000	0.004872
30	10.000000	0.005385
31	10.000000	0.005897
32	10.000000	0.006410
33	10.000000	0.006923
34	10.000000	0.007436
35	10.000000	0.007949
36	10.000000	0.008462
37	10.000000	0.008974
38	10.000000	0.009487
39	10.000000	0.010000
40	10.512821	-0.010000
41	10.512821	-0.009487
42	10.512821	-0.008974
43	10.512821	-0.008462
44	10.512821	-0.007949
45	10.512821	-0.007436
46	10.512821	-0.006923
47	10.512821	-0.006410
48	10.512821	-0.005897
49	10.512821	-0.005385
50	10.512821	-0.004872
51	10.512821	-0.004359
52	10.512821	-0.003846
53	10.512821	-0.003333
54	10.512821	-0.002821
55	10.512821	-0.002308
56	10.512821	-0.001795
57	10.512821	-0.001282
58	10.512821	-0.000769
59	10.512821	-0.000256
60	10.512821	0.000256
61	10.512821	0.000769
62	10.512821	0.001282
63	10.512821	0.001795
64	10.512821	0.002308
65	10.512821	0.002821
66	10.512821	0.003333
67	10.512821	0.003846
68	10.512821	0.004359
69	10.512821	0.004872
70	10.512821	0.005385
71	10.512821	0.005897
72	10.512821	0.006410
73	10.512821	0.006923
74	10.512821	0.007436
75	10.512821	0.007949
76	10.512821	0.008462
77	10.512821	0.008974
78	10.512821	0.009487
79	10.512821	0.010000
80	11.025641	-0.010000
81	11.025641	-0.009487
82	11.025641	-0.008974
83	11.025641	-0.008462
84	11.025641	-0.007949
85	11.025641	-0.007436
86	11.025641	-0.006923
87	11.025641	-0.006410
88	11.025641	-0.005897
89	11.025641	-0.005385
90	11.025641	-0.004872
91	11.025641	-0.004359
92	11.025641	-0.003846
93	11.025641	-0.003333
94	11.025641	-0.002821
95	11.025641	-0.002308
96	11.025641	-0.001795
97	11.025641	-0.001282
98	11.025641	-0.000769
99	11.025641	-0.000256
100	11.025641	0.000256
101	11.025641	0.000769
102	11.025641	0.001282
103	11.025641	0.001795
104	11.025641	0.002308
105	11.025641	0.002821
106	11.025641	0.003333
107	11.025641	0.003846
108	11.025641	0.004359
109	11.025641	0.004872
110	11.025641	0.005385
111	11.025641	0.005897
112	11.025641	0.006410
113	11.025641	0.006923
114	11.025641	0.007436
115	11.025641	0.007949
116	11.025641	0.008462
117	11.025641	0.008974
118	11.025641	0.009487
119	11.025641	0.010000
120	11.538462	-0.010000
121	11.538462	-0.009487
122	11.538462	-0.008974
123	11.538462	-0.008462
124	11.538462	-0.007949
125	11.538462	-0.007436
126	11.538462	-0.006923
127	11.538462	-0.006410
128	11.538462	-0.005897
129	11.538462	-0.005385
130	11.538462	-0.004872
131	11.538462	-0.004359
132	11.538462	-0.003846
133	11.538462	-0.003333
134	11.538462	-0.002821
135	11.538462	-0.002308
136	11.538462	-0.001795
137	11.538462	-0.001282
138	11.538462	-0.000769
139	11.538462	-0.000256
140	11.538462	0.000256
141	11.538462	0.000769
142	11.538462	0.001282
143	11.538462	0.001795
144	11.538462	0.002308
145	11.538462	0.002821
146	11.538462	0.003333
147	11.538462	0.003846
148	11.538462	0.004359
149	11.538462	0.004872
150	11.538462	0.005385
151	11.538462	0.005897
152	11.538462	0.006410
153	11.538462	0.006923
154	11.538462	0.007436
155	11.538462	0.007949
156	11.538462	0.008462
157	11.538462	0.008974
158	11.538462	0.009487
159	11.538462	0.010000
160	12.051282	-0.010000
161	12.051282	-0.009487
162	12.051282	-0.008974
163	12.051282	-0.008462
164	12.051282	-0.007949
165	12.051282	-0.007436
166	12.051282	-0.006923
167	12.051282	-0.006410
168	12.051282	-0.005897
169	12.051282	-0.005385
170	12.051282	-0.004872
171	12.051282	-0.004359
172	12.051282	-0.003846
173	12.051282	-0.003333
174	12.051282	-0.002821
175	12.051282	-0.002308
176	12.051282	-0.001795
177	12.051282	-0.001282
178	12.051282	-0.000769
179	12.051282	-0.000256
180	12.051282	0.000256
181	12.051282	0.000769
182	12.051282	0.001282
183	12.051282	0.001795
184	12.051282	0.002308
185	12.051282	0.002821
186	12.051282	0.003333
187	12.051282	0.003846
188	12.051282	0.004359
189	12.051282	0.004872
190	12.051282	0.005385
191	12.051282	0.005897
192	12.051282	0.006410
193	12.051282	0.006923
194	12.051282	0.007436
195	12.051282	0.007949
196	12.051282	0.008462
197	12.051282	0.008974
198	12.051282	0.009487
199	12.051282	0.010000
200	12.564103	-0.010000
201	12.564103	-0.009487
202	12.564103	-0.008974
203	12.564103	-0.008462
204	12.564103	-0.007949
205	12.564103	-0.007436
206	12.564103	-0.006923
207	12.564103	-0.006410
208	12.564103	-0.005897
209	12.564103	-0.005385
210	12.564103	-0.004872
211	12.564103	-0.004359
212	12.564103	-0.003846
213	12.564103	-0.003333
214	12.564103	-0.002821
215	12.564103	-0.002308
216	12.564103	-0.001795
217	12.564103	-0.001282
218	12.564103	-0.000769
219	12.564103	-0.000256
220	12.564103	0.000256
221	12.564103	0.000769
222	12.564103	0.001282
223	12.564103	0.001795
224	12.564103	0.002308
225	12.564103	0.002821
226	12.564103	0.003333
227	12.564103	0.003846
228	12.564103	0.004359
229	12.564103	0.004872
230	12.564103	0.005385
231	12.564103	0.005897
232	12.564103	0.006410
233	12.564103	0.006923
234	12.564103	0.007436
235	12.564103	0.007949
236	12.564103	0.008462
237	12.564103	0.008974
238	12.564103	0.009487
239	12.564103	0.010000
240	13.076923	-0.010000
241	13.076923	-0.009487
242	13.076923	-0.008974
243	13.076923	-0.008462
244	13.076923	-0.007949
245	13.076923	-0.007436
246	13.076923	-0.006923
247	13.076923	-0.006410
248	13.076923	-0.005897
249	13.076923	-0.005385
250	13.076923	-0.004872
251	13.076923	-0.004359
252	13.076923	-0.003846
253	13.076923	-0.003333
254	13.076923	-0.002821
255	13.076923	-0.002308
256	13.076923	-0.001795
257	13.076923	-0.001282
258	13.076923	-0.000769
259	13.076923	-0.000256
260	13.076923	0.000256
261	13.076923	0.000769
262	13.076923	0.001282
263	13.076923	0.001795
264	13.076923	0.002308
265	13.076923	0.002821
266	13.076923	0.003333
267	13.076923	0.003846
268	13.076923	0.004359
269	13.076923	0.004872
270	13.076923	0.005385
271	13.076923	0.005897
272	13.076923	0.006410
273	13.076923	0.006923
274	13.076923	0.007436
275	13.076923	0.007949
276	13.076923	0.008462
277	13.076923	0.008974
278	13.076923	0.009487
279	13.076923	0.010000
280	13.589744	-0.010000
281	13.589744	-0.009487
282	13.589744	-0.008974
283	13.589744	-0.008462
284	13.589744	-0.007949
285	13.589744	-0.007436
286	13.589744	-0.006923
287	13.589744	-0.006410
288	13.589744	-0.005897
289	13.589744	-0.005385
290	13.589744	-0.004872
291	13.589744	-0.004359
292	13.589744	-0.003846
293	13.589744	-0.003333
294	13.589744	-0.002821
295	13.589744	-0.002308
296	13.589744	-0.001795
297	13.589744	-0.001282
298	13.589744	-0.000769
299	13.589744	-0.000256
300	13.589744	0.000256
301	13.589744	0.000769
302	13.589744	0.001282
303	13.589744	0.001795
304	13.589744	0.002308
305	13.589744	0.002821
306	13.589744	0.003333
307	13.589744	0.003846
308	13.589744	0.004359
309	13.589744	0.004872
310	13.589744	0.005385
311	13.589744	0.005897
312	13.589744	0.006410
313	13.589744	0.006923
314	13.589744	0.007436
315	13.589744	0.007949
316	13.589744	0.008462
317	13.589744	0.008974
318	13.589744	0.009487
319	13.589744	0.010000
320	14.102564	-0.010000
321	14.102564	-0.009487
322	14.102564	-0.008974
323	14.102564	-0.008462
324	14.102564	-0.007949
325	14.102564	-0.007436
326	14.102564	-0.006923
327	14.102564	-0.006410
328	14.102564	-0.005897
329	14.102564	-0.005385
330	14.102564	-0.004872
331	14.102564	-0.004359
332	14.102564	-0.003846
333	14.102564	-0.003333
334	14.102564	-0.002821
335	14.102564	-0.002308
336	14.102564	-0.001795
337	14.102564	-0.001282
338	14.102564	-0.000769
339	14.102564	-0.000256
340	14.102564	0.000256
341	14.102564	0.000769
342	14.102564	0.001282
343	14.102564	0.001795
344	14.102564	0.002308
345	14.102564	0.002821
346	14.102564	0.003333
347	14.102564	0.003846
348	14.102564	0.004359
349	14.102564	0.004872
350	14.102564	0.005385
351	14.102564	0.005897
352	14.102564	0.006410
353	14.102564	0.006923
354	14.102564	0.007436
355	14.102564	0.007949
356	14.102564	0.008462
357	14.102564	0.008974
358	14.102564	0.009487
359	14.102564	0.010000
360	14.615385	-0.010000
361	14.615385	-0.009487
362	14.615385	-0.008974
363	14.615385	-0.008462
364	14.615385	-0.007949
365	14.615385	-0.007436
366	14.615385	-0.006923
367	14.615385	-0.006410
368	14.615385	-0.005897
369	14.615385	-0.005385
370	14.615385	-0.004872
371	14.615385	-0.004359
372	14.615385	-0.003846
373	14.615385	-0.003333
374	14.615385	-0.002821
375	14.615385	-0.002308
376	14.615385	-0.001795
377	14.615385	-0.001282
378	14.615385	-0.000769
379	14.615385	-0.000256
380	14.615385	0.000256
381	14.615385	0.000769
382	14.615385	0.001282
383	14.615385	0.001795
384	14.615385	0.002308
385	14.615385	0.002821
386	14.615385	0.003333
387	14.615385	0.003846
388	14.615385	0.004359
389	14.615385	0.004872
390	14.615385	0.005385
391	14.615385	0.005897
392	14.615385	0.006410
393	14.615385	0.006923
394	14.615385	0.007436
395	14.615385	0.007949
396	14.615385	0.008462
397	14.615385	0.008974
398	14.615385	0.009487
399	14.615385	0.010000
400	15.128205	-0.010000
401	15.128205	-0.009487
402	15.128205	-0.008974
403	15.128205	-0.008462
404	15.128205	-0.007949
405	15.128205	-0.007436
406	15.128205	-0.006923
407	15.128205	-0.006410
408	15.128205	-0.005897
409	15.128205	-0.005385
410	15.128205	-0.004872
411	15.128205	-0.004359
412	15.128205	-0.003846
413	15.128205	-0.003333
414	15.128205	-0.002821
415	15.128205	-0.002308
416	15.128205	-0.001795
417	15.128205	-0.001282
418	15.128205	-0.000769
419	15.128205	-0.000256
420	15.128205	0.000256
421	15.128205	0.000769
422	15.128205	0.001282
423	15.128205	0.001795
424	15.128205	0.002308
425	15.128205	0.002821
426	15.128205	0.003333
427	15.128205	0.003846
428	15.128205	0.004359
429	15.128205	0.004872
430	15.128205	0.005385
431	15.128205	0.005897
432	15.128205	0.006410
433	15.128205	0.006923
434	15.128205	0.007436
435	15.128205	0.007949
436	15.128205	0.008462
437	15.128205	0.008974
438	15.128205	0.009487
439	15.128205	0.010000
440	15.641026	-0.010000
441	15.641026	-0.009487
442	15.641026	-0.008974
443	15.641026	-0.008462
444	15.641026	-0.007949
445	15.641026	-0.007436
446	15.641026	-0.006923
447	15.641026	-0.006410
448	15.641026	-0.005897
449	15.641026	-0.005385
450	15.641026	-0.004872
451	15.641026	-0.004359
452	15.641026	-0.003846
453	15.641026	-0.003333
454	15.641026	-0.002821
455	15.641026	-0.002308
456	15.641026	-0.001795
457	15.641026	-0.001282
458	15.641026	-0.000769
459	15.641026	-0.000256
460	15.641026	0.000256
461	15.641026	0.000769
462	15.641026	0.001282
463	15.641026	0.001795
464	15.641026	0.002308
465	15.641026	0.002821
466	15.641026	0.003333
467	15.641026	0.003846
468	15.641026	0.004359
469	15.641026	0.004872
470	15.641026	0.005385
471	15.641026	0.005897
472	15.641026	0.006410
473	15.641026	0.006923
474	15.641026	0.007436
475	15.641026	0.007949
476	15.641026	0.008462
477	15.641026	0.008974
478	15.641026	0.009487
479	15.641026	0.010000
480	16.153846	-0.010000
481	16.153846	-0.009487
482	16.153846	-0.008974
483	16.153846	-0.008462
484	16.153846	-0.007949
485	16.153846	-0.007436
486	16.153846	-0.006923
487	16.153846	-0.006410
488	16.153846	-0.005897
489	16.153846	-0.005385
490	16.153846	-0.004872
491	16.153846	-0.004359
492	16.153846	-0.003846
493	16.153846	-0.003333
494	16.153846	-0.002821
495	16.153846	-0.002308
496	16.153846	-0.001795
497	16.153846	-0.001282
498	16.153846	-0.000769
499	16.153846	-0.000256
500	16.153846	0.000256
501	16.153846	0.000769
502	16.153846	0.001282
503	16.153846	0.001795
504	16.153846	0.002308
505	16.153846	0.002821
506	16.153846	0.003333
507	16.153846	0.003846
508	16.153846	0.004359
509	16.153846	0.004872
510	16.153846	0.005385
511	16.153846	0.005897
512	16.153846	0.006410
513	16.153846	0.006923
514	16.153846	0.007436
515	16.153846	0.007949
516	16.153846	0.008462
517	16.153846	0.008974
518	16.153846	0.009487
519	16.153846	0.010000
520	16.666667	-0.010000
521	16.666667	-0.009487
522	16.666667	-0.008974
523	16.666667	-0.008462
524	16.666667	-0.007949
525	16.666667	-0.007436
526	16.666667	-0.006923
527	16.666667	-0.006410
528	16.666667	-0.005897
529	16.666667	-0.005385
530	16.666667	-0.004872
531	16.666667	-0.004359
532	16.666667	-0.003846
533	16.666667	-0.003333
534	16.666667	-0.002821
535	16.666667	-0.002308
536	16.666667	-0.001795
537	16.666667	-0.001282
538	16.666667	-0.000769
539	16.666667	-0.000256
540	16.666667	0.000256
541	16.666667	0.000769
542	16.666667	0.001282
543	16.666667	0.001795
544	16.666667	0.002308
545	16.666667	0.002821
546	16.666667	0.003333
547	16.666667	0.003846
548	16.666667	0.004359
549	16.666667	0.004872
550	16.666667	0.005385
551	16.666667	0.005897
552	16.666667	0.006410
553	16.666667	0.006923
554	16.666667	0.007436
555	16.666667	0.007949
556	16.666667	0.008462
557	16.666667	0.008974
558	16.666667	0.009487
559	16.666667	0.010000
560	17.179487	-0.010000
561	17.179487	-0.009487
562	17.179487	-0.008974
563	17.179487	-0.008462
564	17.179487	-0.007949
565	17.179487	-0.007436
566	17.179487	-0.006923
567	17.179487	-0.006410
568	17.179487	-0.005897
569	17.179487	-0.005385
570	17.179487	-0.004872
571	17.179487	-0.004359
572	17.179487	-0.003846
573	17.179487	-0.003333
574	17.179487	-0.002821
575	17.179487	-0.002308
576	17.179487	-0.001795
577	17.179487	-0.001282
578	17.179487	-0.000769
579	17.179487	-0.000256
580	17.179487	0.000256
581	17.179487	0.000769
582	17.179487	0.001282
583	17.179487	0.001795
584	17.179487	0.002308
585	17.179487	0.002821
586	17.179487	0.003333
587	17.179487	0.003846
588	17.179487	0.004359
589	17.179487	0.004872
590	17.179487	0.005385
591	17.179487	0.005897
592	17.179487	0.006410
593	17.179487	0.006923
594	17.179487	0.007436
595	17.179487	0.007949
596	17.179487	0.008462
597	17.179487	0.008974
598	17.179487	0.009487
599	17.179487	0.010000
600	17.692308	-0.010000
601	17.692308	-0.009487
602	17.692308	-0.008974
603	17.692308	-0.008462
604	17.692308	-0.007949
605	17.692308	-0.007436
606	17.692308	-0.006923
607	17.692308	-0.006410
608	17.692308	-0.005897
609	17.692308	-0.005385
610	17.692308	-0.004872
611	17.692308	-0.004359
612	17.692308	-0.003846
613	17.692308	-0.003333
614	17.692308	-0.002821
615	17.692308	-0.002308
616	17.692308	-0.001795
617	17.692308	-0.001282
618	17.692308	-0.000769
619	17.692308	-0.000256
620	17.692308	0.000256
621	17.692308	0.000769
622	17.692308	0.001282
623	17.692308	0.001795
624	17.692308	0.002308
625	17.692308	0.002821
626	17.692308	0.003333
627	17.692308	0.003846
628	17.692308	0.004359
629	17.692308	0.004872
630	17.692308	0.005385
631	17.692308	0.005897
632	17.692308	0.006410
633	17.692308	0.006923
634	17.692308	0.007436
635	17.692308	0.007949
636	17.692308	0.008462
637	17.692308	0.008974
638	17.692308	0.009487
639	17.692308	0.010000
640	18.205128	-0.010000
641	18.205128	-0.009487
642	18.205128	-0.008974
643	18.205128	-0.008462
644	18.205128	-0.007949
645	18.205128	-0.007436
646	18.205128	-0.006923
647	18.205128	-0.006410
648	18.205128	-0.005897
649	18.205128	-0.005385
650	18.205128	-0.004872
651	18.205128	-0.004359
652	18.205128	-0.003846
653	18.205128	-0.003333
654	18.205128	-0.002821
655	18.205128	-0.002308
656	18.205128	-0.001795
657	18.205128	-0.001282
658	18.205128	-0.000769
659	18.205128	-0.000256
660	18.205128	0.000256
661	18.205128	0.000769
662	18.205128	0.001282
663	18.205128	0.001795
664	18.205128	0.002308
665	18.205128	0.002821
666	18.205128	0.003333
667	18.205128	0.003846
668	18.205128	0.004359
669	18.205128	0.004872
670	18.205128	0.005385
671	18.205128	0.005897
672	18.205128	0.006410
673	18.205128	0.006923
674	18.205128	0.007436
675	18.205128	0.007949
676	18.205128	0.008462
677	18.205128	0.008974
678	18.205128	0.009487
679	18.205128	0.010000
680	18.717949	-0.010000
681	18.717949	-0.009487
682	18.717949	-0.008974
683	18.717949	-0.008462
684	18.717949	-0.007949
685	18.717949	-0.007436
686	18.717949	-0.006923
687	18.717949	-0.006410
688	18.717949	-0.005897
689	18.717949	-0.005385
690	18.717949	-0.004872
691	18.717949	-0.004359
692	18.717949	-0.003846
693	18.717949	-0.003333
694	18.717949	-0.002821
695	18.717949	-0.002308
696	18.717949	-0.001795
697	18.717949	-0.001282
698	18.717949	-0.000769
699	18.717949	-0.000256
700	18.717949	0.000256
701	18.717949	0.000769
702	18.717949	0.001282
703	18.717949	0.001795
704	18.717949	0.002308
705	18.717949	0.002821
706	18.717949	0.003333
707	18.717949	0.003846
708	18.717949	0.004359
709	18.717949	0.004872
710	18.717949	0.005385
711	18.717949	0.005897
712	18.717949	0.006410
713	18.717949	0.006923
714	18.717949	0.007436
715	18.717949	0.007949
716	18.717949	0.008462
717	18.717949	0.008974
718	18.717949	0.009487
719	18.717949	0.010000
720	19.230769	-0.010000
721	19.230769	-0.009487
722	19.230769	-0.008974
723	19.230769	-0.008462
724	19.230769	-0.007949
725	19.230769	-0.007436
726	19.230769	-0.006923
727	19.230769	-0.006410
728	19.230769	-0.005897
729	19.230769	-0.005385
730	19.230769	-0.004872
731	19.230769	-0.004359
732	19.230769	-0.003846
733	19.230769	-0.003333
734	19.230769	-0.002821
735	19.230769	-0.002308
736	19.230769	-0.001795
737	19.230769	-0.001282
738	19.230769	-0.000769
739	19.230769	-0.000256
740	19.230769	0.000256
741	19.230769	0.000769
742	19.230769	0.001282
743	19.230769	0.001795
744	19.230769	0.002308
745	19.230769	0.002821
746	19.230769	0.003333
747	19.230769	0.003846
748	19.230769	0.004359
749	19.230769	0.004872
750	19.230769	0.005385
751	19.230769	0.005897
752	19.230769	0.006410
753	19.230769	0.006923
754	19.230769	0.007436
755	19.230769	0.007949
756	19.230769	0.008462
757	19.230769	0.008974
758	19.230769	0.009487
759	19.230769	0.010000
760	19.743590	-0.010000
761	19.743590	-0.009487
762	19.743590	-0.008974
763	19.743590	-0.008462
764	19.743590	-0.007949
765	19.743590	-0.007436
766	19.743590	-0.006923
767	19.743590	-0.006410
768	19.743590	-0.005897
769	19.743590	-0.005385
770	19.743590	-0.004872
771	19.743590	-0.004359
772	19.743590	-0.003846
773	19.743590	-0.003333
774	19.743590	-0.002821
775	19.743590	-0.002308
776	19.743590	-0.001795
777	19.743590	-0.001282
778	19.743590	-0.000769
779	19.743590	-0.000256
780	19.743590	0.000256
781	19.743590	0.000769
782	19.743590	0.001282
783	19.743590	0.001795
784	19.743590	0.002308
785	19.743590	0.002821
786	19.743590	0.003333
787	19.743590	0.003846
788	19.743590	0.004359
789	19.743590	0.004872
790	19.743590	0.005385
791	19.743590	0.005897
792	19.743590	0.006410
793	19.743590	0.006923
794	19.743590	0.007436
795	19.743590	0.007949
796	19.743590	0.008462
797	19.743590	0.008974
798	19.743590	0.009487
799	19.743590	0.010000
800	20.256410	-0.010000
801	20.256410	-0.009487
802	20.256410	-0.008974
803	20.256410	-0.008462
804	20.256410	-0.007949
805	20.256410	-0.007436
806	20.256410	-0.006923
807	20.256410	-0.006410
808	20.256410	-0.005897
809	20.256410	-0.005385
810	20.256410	-0.004872
811	20.256410	-0.004359
812	20.256410	-0.003846
813	20.256410	-0.003333
814	20.256410	-0.002821
815	20.256410	-0.002308
816	20.256410	-0.001795
817	20.256410	-0.001282
818	20.256410	-0.000769
819	20.256410	-0.000256
820	20.256410	0.000256
821	20.256410	0.000769
822	20.256410	0.001282
823	20.256410	0.001795
824	20.256410	0.002308
825	20.256410	0.002821
826	20.256410	0.003333
827	20.256410	0.003846
828	20.256410	0.004359
829	20.256410	0.004872
830	20.256410	0.005385
831	20.256410	0.005897
832	20.256410	0.006410
833	20.256410	0.006923
834	20.256410	0.007436
835	20.256410	0.007949
836	20.256410	0.008462
837	20.256410	0.008974
838	20.256410	0.009487
839	20.256410	0.010000
840	20.769231	-0.010000
841	20.769231	-0.009487
842	20.769231	-0.008974
843	20.769231	-0.008462
844	20.769231	-0.007949
845	20.769231	-0.007436
846	20.769231	-0.006923
847	20.769231	-0.006410
848	20.769231	-0.005897
849	20.769231	-0.005385
850	20.769231	-0.004872
851	20.769231	-0.004359
852	20.769231	-0.003846
853	20.769231	-0.003333
854	20.769231	-0.002821
855	20.769231	-0.002308
856	20.769231	-0.001795
857	20.769231	-0.001282
858	20.769231	-0.000769
859	20.769231	-0.000256
860	20.769231	0.000256
861	20.769231	0.000769
862	20.769231	0.001282
863	20.769231	0.001795
864	20.769231	0.002308
865	20.769231	0.002821
866	20.769231	0.003333
867	20.769231	0.003846
868	20.769231	0.004359
869	20.769231	0.004872
870	20.769231	0.005385
871	20.769231	0.005897
872	20.769231	0.006410
873	20.769231	0.006923
874	20.769231	0.007436
875	20.769231	0.007949
876	20.769231	0.008462
877	20.769231	0.008974
878	20.769231	0.009487
879	20.769231	0.010000
880	21.282051	-0.010000
881	21.282051	-0.009487
882	21.282051	-0.008974
883	21.282051	-0.008462
884	21.282051	-0.007949
885	21.282051	-0.007436
886	21.282051	-0.006923
887	21.282051	-0.006410
888	21.282051	-0.005897
889	21.282051	-0.005385
890	21.282051	-0.004872
891	21.282051	-0.004359
892	21.282051	-0.003846
893	21.282051	-0.003333
894	21.282051	-0.002821
895	21.282051	-0.002308
896	21.282051	-0.001795
897	21.282051	-0.001282
898	21.282051	-0.000769
899	21.282051	-0.000256
900	21.282051	0.000256
901	21.282051	0.000769
902	21.282051	0.001282
903	21.282051	0.001795
904	21.282051	0.002308
905	21.282051	0.002821
906	21.282051	0.003333
907	21.282051	0.003846
908	21.282051	0.004359
909	21.282051	0.004872
910	21.282051	0.005385
911	21.282051	0.005897
912	21.282051	0.006410
913	21.282051	0.006923
914	21.282051	0.007436
915	21.282051	0.007949
916	21.282051	0.008462
917	21.282051	0.008974
918	21.282051	0.009487
919	21.282051	0.010000
920	21.794872	-0.010000
921	21.794872	-0.009487
922	21.794872	-0.008974
923	21.794872	-0.008462
924	21.794872	-0.007949
925	21.794872	-0.007436
926	21.794872	-0.006923
927	21.794872	-0.006410
928	21.794872	-0.005897
929	21.794872	-0.005385
930	21.794872	-0.004872
931	21.794872	-0.004359
932	21.794872	-0.003846
933	21.794872	-0.003333
934	21.794872	-0.002821
935	21.794872	-0.002308
936	21.794872	-0.001795
937	21.794872	-0.001282
938	21.794872	-0.000769
939	21.794872	-0.000256
940	21.794872	0.000256
941	21.794872	0.000769
942	21.794872	0.001282
943	21.794872	0.001795
944	21.794872	0.002308
945	21.794872	0.002821
946	21.794872	0.003333
947	21.794872	0.003846
948	21.794872	0.004359
949	21.794872	0.004872
950	21.794872	0.005385
951	21.794872	0.005897
952	21.794872	0.006410
953	21.794872	0.006923
954	21.794872	0.007436
955	21.794872	0.007949
956	21.794872	0.008462
957	21.794872	0.008974
958	21.794872	0.009487
959	21.794872	0.010000
960	22.307692	-0.010000
961	22.307692	-0.009487
962	22.307692	-0.008974
963	22.307692	-0.008462
964	22.307692	-0.007949
965	22.307692	-0.007436
966	22.307692	-0.006923
967	22.307692	-0.006410
968	22.307692	-0.005897
969	22.307692	-0.005385
970	22.307692	-0.004872
971	22.307692	-0.004359
972	22.307692	-0.003846
973	22.307692	-0.003333
974	22.307692	-0.002821
975	22.307692	-0.002308
976	22.307692	-0.001795
977	22.307692	-0.001282
978	22.307692	-0.000769
979	22.307692	-0.000256
980	22.307692	0.000256
981	22.307692	0.000769
982	22.307692	0.001282
983	22.307692	0.001795
984	22.307692	0.002308
985	22.307692	0.002821
986	22.307692	0.003333
987	22.307692	0.003846
988	22.307692	0.004359
989	22.307692	0.004872
990	22.307692	0.005385
991	22.307692	0.005897
992	22.307692	0.006410
993	22.307692	0.006923
994	22.307692	0.007436
995	22.307692	0.007949
996	22.307692	0.008462
997	22.307692	0.008974
998	22.307692	0.009487
999	22.307692	0.010000
1000	22.820513	-0.010000
1001	22.820513	-0.009487
1002	22.820513	-0.008974
1003	22.820513	-0.008462
1004	22.820513	-0.007949
1005	22.820513	-0.007436
1006	22.820513	-0.006923
1007	22.820513	-0.006410
1008	22.820513	-0.005897
1009	22.820513	-0.005385
1010	22.820513	-0.004872
1011	22.820513	-0.004359
1012	22.820513	-0.003846
1013	22.820513	-0.003333
1014	22.820513	-0.002821
1015	22.820513	-0.002308
1016	22.820513	-0.001795
1017	22.820513	-0.001282
1018	22.820513	-0.000769
1019	22.820513	-0.000256
1020	22.820513	0.000256
1021	22.820513	0.000769
1022	22.820513	0.001282
1023	22.820513	0.001795
1024	22.820513	0.002308
1025	22.820513	0.002821
1026	22.820513	0.003333
1027	22.820513	0.003846
1028	22.820513	0.004359
1029	22.820513	0.004872
1030	22.820513	0.005385
1031	22.820513	0.005897
1032	22.820513	0.006410
1033	22.820513	0.006923
1034	22.820513	0.007436
1035	22.820513	0.007949
1036	22.820513	0.008462
1037	22.820513	0.008974
1038	22.820513	0.009487
1039	22.820513	0.010000
1040	23.333333	-0.010000
1041	23.333333	-0.009487
1042	23.333333	-0.008974
1043	23.333333	-0.008462
1044	23.333333	-0.007949
1045	23.333333	-0.007436
1046	23.333333	-0.006923
1047	23.333333	-0.006410
1048	23.333333	-0.005897
1049	23.333333	-0.005385
1050	23.333333	-0.004872
1051	23.333333	-0.004359
1052	23.333333	-0.003846
1053	23.333333	-0.003333
1054	23.333333	-0.002821
1055	23.333333	-0.002308
1056	23.333333	-0.001795
1057	23.333333	-0.001282
1058	23.333333	-0.000769
1059	23.333333	-0.000256
1060	23.333333	0.000256
1061	23.333333	0.000769
1062	23.333333	0.001282
1063	23.333333	0.001795
1064	23.333333	0.002308
1065	23.333333	0.002821
1066	23.333333	0.003333
1067	23.333333	0.003846
1068	23.333333	0.004359
1069	23.333333	0.004872
1070	23.333333	0.005385
1071	23.333333	0.005897
1072	23.333333	0.006410
1073	23.333333	0.006923
1074	23.333333	0.007436
1075	23.333333	0.007949
1076	23.333333	0.008462
1077	23.333333	0.008974
1078	23.333333	0.009487
1079	23.333333	0.010000
1080	23.846154	-0.010000
1081	23.846154	-0.009487
1082	23.846154	-0.008974
1083	23.846154	-0.008462
1084	23.846154	-0.007949
1085	23.846154	-0.007436
1086	23.846154	-0.006923
1087	23.846154	-0.006410
1088	23.846154	-0.005897
1089	23.846154	-0.005385
1090	23.846154	-0.004872
1091	23.846154	-0.004359
1092	23.846154	-0.003846
1093	23.846154	-0.003333
1094	23.846154	-0.002821
1095	23.846154	-0.002308
1096	23.846154	-0.001795
1097	23.846154	-0.001282
1098	23.846154	-0.000769
1099	23.846154	-0.000256
1100	23.846154	0.000256
1101	23.846154	0.000769
1102	23.846154	0.001282
1103	23.846154	0.001795
1104	23.846154	0.002308
1105	23.846154	0.002821
1106	23.846154	0.003333
1107	23.846154	0.003846
1108	23.846154	0.004359
1109	23.846154	0.004872
1110	23.846154	0.005385
1111	23.846154	0.005897
1112	23.846154	0.006410
1113	23.846154	0.006923
1114	23.846154	0.007436
1115	23.846154	0.007949
1116	23.846154	0.008462
1117	23.846154	0.008974
1118	23.846154	0.009487
1119	23.846154	0.010000
1120	24.358974	-0.010000
1121	24.358974	-0.009487
1122	24.358974	-0.008974
1123	24.358974	-0.008462
1124	24.358974	-0.007949
1125	24.358974	-0.007436
1126	24.358974	-0.006923
1127	24.358974	-0.006410
1128	24.358974	-0.005897
1129	24.358974	-0.005385
1130	24.358974	-0.004872
1131	24.358974	-0.004359
1132	24.358974	-0.003846
1133	24.358974	-0.003333
1134	24.358974	-0.002821
1135	24.358974	-0.002308
1136	24.358974	-0.001795
1137	24.358974	-0.001282
1138	24.358974	-0.000769
1139	24.358974	-0.000256
1140	24.358974	0.000256
1141	24.358974	0.000769
1142	24.358974	0.001282
1143	24.358974	0.001795
1144	24.358974	0.002308
1145	24.358974	0.002821
1146	24.358974	0.003333
1147	24.358974	0.003846
1148	24.358974	0.004359
1149	24.358974	0.004872
1150	24.358974	0.005385
1151	24.358974	0.005897
1152	24.358974	0.006410
1153	24.358974	0.006923
1154	24.358974	0.007436
1155	24.358974	0.007949
1156	24.358974	0.008462
1157	24.358974	0.008974
1158	24.358974	0.009487
1159	24.358974	0.010000
1160	24.871795	-0.010000
1161	24.871795	-0.009487
1162	24.871795	-0.008974
1163	24.871795	-0.008462
1164	24.871795	-0.007949
1165	24.871795	-0.007436
1166	24.871795	-0.006923
1167	24.871795	-0.006410
1168	24.871795	-0.005897
1169	24.871795	-0.005385
1170	24.871795	-0.004872
1171	24.871795	-0.004359
1172	24.871795	-0.003846
1173	24.871795	-0.003333
1174	24.871795	-0.002821
1175	24.871795	-0.002308
1176	24.871795	-0.001795
1177	24.871795	-0.001282
1178	24.871795	-0.000769
1179	24.871795	-0.000256
1180	24.871795	0.000256
1181	24.871795	0.000769
1182	24.871795	0.001282
1183	24.871795	0.001795
1184	24.871795	0.002308
1185	24.871795	0.002821
1186	24.871795	0.003333
1187	24.871795	0.003846
1188	24.871795	0.004359
1189	24.871795	0.004872
1190	24.871795	0.005385
1191	24.871795	0.005897
1192	24.871795	0.006410
1193	24.871795	0.006923
1194	24.871795	0.007436
1195	24.871795	0.007949
1196	24.871795	0.008462
1197	24.871795	0.008974
1198	24.871795	0.009487
1199	24.871795	0.010000
1200	25.384615	-0.010000
1201	25.384615	-0.009487
1202	25.384615	-0.008974
1203	25.384615	-0.008462
1204	25.384615	-0.007949
1205	25.384615	-0.007436
1206	25.384615	-0.006923
1207	25.384615	-0.006410
1208	25.384615	-0.005897
1209	25.384615	-0.005385
1210	25.384615	-0.004872
1211	25.384615	-0.004359
1212	25.384615	-0.003846
1213	25.384615	-0.003333
1214	25.384615	-0.002821
1215	25.384615	-0.002308
1216	25.384615	-0.001795
1217	25.384615	-0.001282
1218	25.384615	-0.000769
1219	25.384615	-0.000256
1220	25.384615	0.000256
1221	25.384615	0.000769
1222	25.384615	0.001282
1223	25.384615	0.001795
1224	25.384615	0.002308
1225	25.384615	0.002821
1226	25.384615	0.003333
1227	25.384615	0.003846
1228	25.384615	0.004359
1229	25.384615	0.004872
1230	25.384615	0.005385
1231	25.384615	0.005897
1232	25.384615	0.006410
1233	25.384615	0.006923
1234	25.384615	0.007436
1235	25.384615	0.007949
1236	25.384615	0.008462
1237	25.384615	0.008974
1238	25.384615	0.009487
1239	25.384615	0.010000
1240	25.897436	-0.010000
1241	25.897436	-0.009487
1242	25.897436	-0.008974
1243	25.897436	-0.008462
1244	25.897436	-0.007949
1245	25.897436	-0.007436
1246	25.897436	-0.006923
1247	25.897436	-0.006410
1248	25.897436	-0.005897
1249	25.897436	-0.005385
1250	25.897436	-0.004872
1251	25.897436	-0.004359
1252	25.897436	-0.003846
1253	25.897436	-0.003333
1254	25.897436	-0.002821
1255	25.897436	-0.002308
1256	25.897436	-0.001795
1257	25.897436	-0.001282
1258	25.897436	-0.000769
1259	25.897436	-0.000256
1260	25.897436	0.000256
1261	25.897436	0.000769
1262	25.897436	0.001282
1263	25.897436	0.001795
1264	25.897436	0.002308
1265	25.897436	0.002821
1266	25.897436	0.003333
1267	25.897436	0.003846
1268	25.897436	0.004359
1269	25.897436	0.004872
1270	25.897436	0.005385
1271	25.897436	0.005897
1272	25.897436	0.006410
1273	25.897436	0.006923
1274	25.897436	0.007436
1275	25.897436	0.007949
1276	25.897436	0.008462
1277	25.897436	0.008974
1278	25.897436	0.009487
1279	25.897436	0.010000
1280	26.410256	-0.010000
1281	26.410256	-0.009487
1282	26.410256	-0.008974
1283	26.410256	-0.008462
1284	26.410256	-0.007949
1285	26.410256	-0.007436
1286	26.410256	-0.006923
1287	26.410256	-0.006410
1288	26.410256	-0.005897
1289	26.410256	-0.005385
1290	26.410256	-0.004872
1291	26.410256	-0.004359
1292	26.410256	-0.003846
1293	26.410256	-0.003333
1294	26.410256	-0.002821
1295	26.410256	-0.002308
1296	26.410256	-0.001795
1297	26.410256	-0.001282
1298	26.410256	-0.000769
1299	26.410256	-0.000256
1300	26.410256	0.000256
1301	26.410256	0.000769
1302	26.410256	0.001282
1303	26.410256	0.001795
1304	26.410256	0.002308
1305	26.410256	0.002821
1306	26.410256	0.003333
1307	26.410256	0.003846
1308	26.410256	0.004359
1309	26.410256	0.004872
1310	26.410256	0.005385
1311	26.410256	0.005897
1312	26.410256	0.006410
1313	26.410256	0.006923
1314	26.410256	0.007436
1315	26.410256	0.007949
1316	26.410256	0.008462
1317	26.410256	0.008974
1318	26.410256	0.009487
1319	26.410256	0.010000
1320	26.923077	-0.010000
1321	26.923077	-0.009487
1322	26.923077	-0.008974
1323	26.923077	-0.008462
1324	26.923077	-0.007949
1325	26.923077	-0.007436
1326	26.923077	-0.006923
1327	26.923077	-0.006410
1328	26.923077	-0.005897
1329	26.923077	-0.005385
1330	26.923077	-0.004872
1331	26.923077	-0.004359
1332	26.923077	-0.003846
1333	26.923077	-0.003333
1334	26.923077	-0.002821
1335	26.923077	-0.002308
1336	26.923077	-0.001795
1337	26.923077	-0.001282
1338	26.923077	-0.000769
1339	26.923077	-0.000256
1340	26.923077	0.000256
1341	26.923077	0.000769
1342	26.923077	0.001282
1343	26.923077	0.001795
1344	26.923077	0.002308
1345	26.923077	0.002821
1346	26.923077	0.003333
1347	26.923077	0.003846
1348	26.923077	0.004359
1349	26.923077	0.004872
1350	26.923077	0.005385
1351	26.923077	0.005897
1352	26.923077	0.006410
1353	26.923077	0.006923
1354	26.923077	0.007436
1355	26.923077	0.007949
1356	26.923077	0.008462
1357	26.923077	0.008974
1358	26.923077	0.009487
1359	26.923077	0.010000
1360	27.435897	-0.010000
1361	27.435897	-0.009487
1362	27.435897	-0.008974
1363	27.435897	-0.008462
1364	27.435897	-0.007949
1365	27.435897	-0.007436
1366	27.435897	-0.006923
1367	27.435897	-0.006410
1368	27.435897	-0.005897
1369	27.435897	-0.005385
1370	27.435897	-0.004872
1371	27.435897	-0.004359
1372	27.435897	-0.003846
1373	27.435897	-0.003333
1374	27.435897	-0.002821
1375	27.435897	-0.002308
1376	27.435897	-0.001795
1377	27.435897	-0.001282
1378	27.435897	-0.000769
1379	27.435897	-0.000256
1380	27.435897	0.000256
1381	27.435897	0.000769
1382	27.435897	0.001282
1383	27.435897	0.001795
1384	27.435897	0.002308
1385	27.435897	0.002821
1386	27.435897	0.003333
1387	27.435897	0.003846
1388	27.435897	0.004359
1389	27.435897	0.004872
1390	27.435897	0.005385
1391	27.435897	0.005897
1392	27.435897	0.006410
1393	27.435897	0.006923
1394	27.435897	0.007436
1395	27.435897	0.007949
1396	27.435897	0.008462
1397	27.435897	0.008974
1398	27.435897	0.009487
1399	27.435897	0.010000
1400	27.948718	-0.010000
1401	27.948718	-0.009487
1402	27.948718	-0.008974
1403	27.948718	-0.008462
1404	27.948718	-0.007949
1405	27.948718	-0.007436
1406	27.948718	-0.006923
1407	27.948718	-0.006410
1408	27.948718	-0.005897
1409	27.948718	-0.005385
1410	27.948718	-0.004872
1411	27.948718	-0.004359
1412	27.948718	-0.003846
1413	27.948718	-0.003333
1414	27.948718	-0.002821
1415	27.948718	-0.002308
1416	27.948718	-0.001795
1417	27.948718	-0.001282
1418	27.948718	-0.000769
1419	27.948718	-0.000256
1420	27.948718	0.000256
1421	27.948718	0.000769
1422	27.948718	0.001282
1423	27.948718	0.001795
1424	27.948718	0.002308
1425	27.948718	0.002821
1426	27.948718	0.003333
1427	27.948718	0.003846
1428	27.948718	0.004359
1429	27.948718	0.004872
1430	27.948718	0.005385
1431	27.948718	0.005897
1432	27.948718	0.006410
1433	27.948718	0.006923
1434	27.948718	0.007436
1435	27.948718	0.007949
1436	27.948718	0.008462
1437	27.948718	0.008974
1438	27.948718	0.009487
1439	27.948718	0.010000
1440	28.461538	-0.010000
1441	28.461538	-0.009487
1442	28.461538	-0.008974
1443	28.461538	-0.008462
1444	28.461538	-0.007949
1445	28.461538	-0.007436
1446	28.461538	-0.006923
1447	28.461538	-0.006410
1448	28.461538	-0.005897
1449	28.461538	-0.005385
1450	28.461538	-0.004872
1451	28.461538	-0.004359
1452	28.461538	-0.003846
1453	28.461538	-0.003333
1454	28.461538	-0.002821
1455	28.461538	-0.002308
1456	28.461538	-0.001795
1457	28.461538	-0.001282
1458	28.461538	-0.000769
1459	28.461538	-0.000256
1460	28.461538	0.000256
1461	28.461538	0.000769
1462	28.461538	0.001282
1463	28.461538	0.001795
1464	28.461538	0.002308
1465	28.461538	0.002821
1466	28.461538	0.003333
1467	28.461538	0.003846
1468	28.461538	0.004359
1469	28.461538	0.004872
1470	28.461538	0.005385
1471	28.461538	0.005897
1472	28.461538	0.006410
1473	28.461538	0.006923
1474	28.461538	0.007436
1475	28.461538	0.007949
1476	28.461538	0.008462
1477	28.461538	0.008974
1478	28.461538	0.009487
1479	28.461538	0.010000
1480	28.974359	-0.010000
1481	28.974359	-0.009487
1482	28.974359	-0.008974
1483	28.974359	-0.008462
1484	28.974359	-0.007949
1485	28.974359	-0.007436
1486	28.974359	-0.006923
1487	28.974359	-0.006410
1488	28.974359	-0.005897
1489	28.974359	-0.005385
1490	28.974359	-0.004872
1491	28.974359	-0.004359
1492	28.974359	-0.003846
1493	28.974359	-0.003333
1494	28.974359	-0.002821
1495	28.974359	-0.002308
1496	28.974359	-0.001795
1497	28.974359	-0.001282
1498	28.974359	-0.000769
1499	28.974359	-0.000256
1500	28.974359	0.000256
1501	28.974359	0.000769
1502	28.974359	0.001282
1503	28.974359	0.001795
1504	28.974359	0.002308
1505	28.974359	0.002821
1506	28.974359	0.003333
1507	28.974359	0.003846
1508	28.974359	0.004359
1509	28.974359	0.004872
1510	28.974359	0.005385
1511	28.974359	0.005897
1512	28.974359	0.006410
1513	28.974359	0.006923
1514	28.974359	0.007436
1515	28.974359	0.007949
1516	28.974359	0.008462
1517	28.974359	0.008974
1518	28.974359	0.009487
1519	28.974359	0.010000
1520	29.487179	-0.010000
1521	29.487179	-0.009487
1522	29.487179	-0.008974
1523	29.487179	-0.008462
1524	29.487179	-0.007949
1525	29.487179	-0.007436
1526	29.487179	-0.006923
1527	29.487179	-0.006410
1528	29.487179	-0.005897
1529	29.487179	-0.005385
1530	29.487179	-0.004872
1531	29.487179	-0.004359
1532	29.487179	-0.003846
1533	29.487179	-0.003333
1534	29.487179	-0.002821
1535	29.487179	-0.002308
1536	29.487179	-0.001795
1537	29.487179	-0.001282
1538	29.487179	-0.000769
1539	29.487179	-0.000256
1540	29.487179	0.000256
1541	29.487179	0.000769
1542	29.487179	0.001282
1543	29.487179	0.001795
1544	29.487179	0.002308
1545	29.487179	0.002821
1546	29.487179	0.003333
1547	29.487179	0.003846
1548	29.487179	0.004359
1549	29.487179	0.004872
1550	29.487179	0.005385
1551	29.487179	0.005897
1552	29.487179	0.006410
1553	29.487179	0.006923
1554	29.487179	0.007436
1555	29.487179	0.007949
1556	29.487179	0.008462
1557	29.487179	0.008974
1558	29.487179	0.009487
1559	29.487179	0.010000
1560	30.000000	-0.010000
1561	30.000000	-0.009487
1562	30.000000	-0.008974
1563	30.000000	-0.008462
1564	30.000000	-0.007949
1565	30.000000	-0.007436
1566	30.000000	-0.006923
1567	30.000000	-0.006410
1568	30.000000	-0.005897
1569	30.000000	-0.005385
1570	30.000000	-0.004872
1571	30.000000	-0.004359
1572	30.000000	-0.003846
1573	30.000000	-0.003333
1574	30.000000	-0.002821
1575	30.000000	-0.002308
1576	30.000000	-0.001795
1577	30.000000	-0.001282
1578	30.000000	-0.000769
1579	30.000000	-0.000256
1580	30.000000	0.000256
1581	30.000000	0.000769
1582	30.000000	0.001282
1583	30.000000	0.001795
1584	30.000000	0.002308
1585	30.000000	0.002821
1586	30.000000	0.003333
1587	30.000000	0.003846
1588	30.000000	0.004359
1589	30.000000	0.004872
1590	30.000000	0.005385
1591	30.000000	0.005897
1592	30.000000	0.006410
1593	30.000000	0.006923
1594	30.000000	0.007436
1595	30.000000	0.007949
1596	30.000000	0.008462
1597	30.000000	0.008974
1598	30.000000	0.009487
1599	30.000000	0.010000
