5.000000000000000000e+02
5.111111111111110858e+02
5.222222222222221717e+02
5.333333333333333712e+02
5.444444444444444571e+02
5.555555555555555429e+02
5.666666666666666288e+02
5.777777777777778283e+02
5.888888888888889142e+02
6.000000000000000000e+02
6.111111111111110858e+02
6.222222222222221717e+02
6.333333333333332575e+02
6.444444444444444571e+02
6.555555555555555429e+02
6.666666666666666288e+02
6.777777777777778283e+02
6.888888888888889142e+02
7.000000000000000000e+02
7.111111111111110858e+02
7.222222222222221717e+02
7.333333333333332575e+02
7.444444444444444571e+02
7.555555555555555429e+02
7.666666666666666288e+02
7.777777777777778283e+02
7.888888888888889142e+02
8.000000000000000000e+02
8.111111111111110858e+02
8.222222222222221717e+02
8.333333333333332575e+02
8.444444444444444571e+02
8.555555555555555429e+02
8.666666666666666288e+02
8.777777777777778283e+02
8.888888888888889142e+02
9.000000000000000000e+02
9.111111111111110858e+02
9.222222222222221717e+02
9.333333333333332575e+02
9.444444444444444571e+02
9.555555555555555429e+02
9.666666666666666288e+02
9.777777777777778283e+02
9.888888888888889142e+02
1.000000000000000000e+03
1.011111111111111086e+03
1.022222222222222172e+03
1.033333333333333258e+03
1.044444444444444343e+03
1.055555555555555657e+03
1.066666666666666515e+03
1.077777777777777828e+03
1.088888888888888914e+03
1.100000000000000000e+03
1.111111111111111086e+03
1.122222222222222172e+03
1.133333333333333258e+03
1.144444444444444343e+03
1.155555555555555657e+03
1.166666666666666515e+03
1.177777777777777828e+03
1.188888888888888914e+03
1.200000000000000000e+03
